 -5.7529731160604169e-02   4.8155623200520168e-04  -9.3671025956272053e-02   4.8375259476718155e-02
 -5.6428699104512176e-02   1.3023726893699162e-03  -9.2021213213851788e-02   4.9605301579619024e-02
 -5.5211881555483733e-02   2.1885478069389157e-03  -9.0273823466853448e-02   5.0877974065663058e-02
 -5.3867280056719799e-02   3.1458350258388793e-03  -8.8411894667524332e-02   5.2203653988680973e-02
 -5.2381885550586628e-02   4.1801183788163776e-03  -8.6416240490243323e-02   5.3593301678837295e-02
 -5.0741649932757989e-02   5.2972708400676680e-03  -8.4265311364428913e-02   5.5058341208526380e-02
 -4.8931478529026899e-02   6.5029537411391298e-03  -8.1935103932687742e-02   5.6610445298937481e-02
 -4.6935256278680060e-02   7.8023439580952184e-03  -7.9399164814693390e-02   5.8261185032433820e-02
 -4.4735927874782512e-02   9.1997763465816659e-03  -7.6628764594047605e-02   6.0021493810656953e-02
 -4.2315663751746099e-02   1.0698293090876838e-02  -7.3593364820309690e-02   6.1900884977084868e-02
 -3.9656165856078639e-02   1.2299099761519560e-02  -7.0261594272145428e-02   6.3906344906644402e-02
 -3.6739197029116023e-02   1.4000949067861410e-02  -6.6603064266092291e-02   6.6040832173535791e-02
 -3.3547498332752522e-02   1.5799494930608657e-02  -6.2591744003732006e-02   6.8301226267811155e-02
 -3.0065991455812499e-02   1.7686877901268459e-02  -5.8209723850037684e-02   7.0676785684942123e-02
 -2.6282668250672606e-02   1.9651902177180339e-02  -5.3448916226327317e-02   7.3149518674789249e-02
 -2.2189106863660612e-02   2.1680685074443366e-02  -4.8310655472019133e-02   7.5696096748345876e-02
 -1.7780398990681755e-02   2.3757632542671138e-02  -4.2802612104640939e-02   7.8291006277289910e-02
 -1.3054503721837972e-02   2.5866350977414514e-02  -3.6933523960935168e-02   8.0909900939429014e-02
 -8.0115403505393173e-03   2.7990014929919690e-02  -3.0708455181827968e-02   8.3531441425295450e-02
 -2.6534247381089144e-03   3.0111060189252963e-02  -2.4126181057841402e-02   8.6137132120393992e-02
  3.0159088060810052e-03   3.2210352837036701e-02  -1.7179933436709302e-02   8.8709272792238725e-02
  8.9884377794998225e-03   3.4266011823500440e-02  -9.8665385821931090e-03   9.1226435508722448e-02
  1.5249648070296154e-02   3.6253404039240544e-02  -2.1964097003634286e-03   9.3661026079025544e-02
  2.1777778544214442e-02   3.8146524230626734e-02   5.8047148461478001e-03   9.5981299548747456e-02
  2.8543717806642048e-02   3.9919880628123475e-02   1.4093128165097736e-02   9.8153723529066331e-02
  3.5511025599125522e-02   4.1550342279268702e-02   2.2620066844682721e-02   1.0014917488190042e-01
  4.2639383057542592e-02   4.3017975248590037e-02   3.1329722003777573e-02   1.0194243168943429e-01
  4.9874206315980128e-02   4.4306984421806958e-02   4.0126986614431752e-02   1.0350995485479914e-01
  5.7168845920741375e-02   4.5412758597185215e-02   4.8915523484327698e-02   1.0484240329375555e-01
  6.4879236777316565e-02   4.6386672169959266e-02   5.8068011749971511e-02   1.0599881198750707e-01
  7.2518724499379461e-02   4.7176740505686113e-02   6.6952274196630635e-02   1.0691797108413190e-01
  8.0016166008168521e-02   4.7809020272061159e-02   7.5462488168875033e-02   1.0763597087240453e-01
  8.7322888527199355e-02   4.8315493145504554e-02   8.3543119770236804e-02   1.0819631936011093e-01
  9.4395111219891734e-02   4.8727429886098031e-02   9.1165171597741804e-02   1.0864042922711972e-01
  1.0120150700786264e-01   4.9072438132283479e-02   9.8330678710709912e-02   1.0900371831958022e-01
  1.0771970810490065e-01   4.9371969127821727e-02   1.0506385549883993e-01   1.0931316069868457e-01
  1.1393586661463613e-01   4.9640397112852758e-02   1.1140544309442285e-01   1.0958701467221428e-01
  1.1984282908308834e-01   4.9885138275227850e-02   1.1740575146071701e-01   1.0983562328296183e-01
  1.2543852187647189e-01   5.0107592986483013e-02   1.2311806158203270e-01   1.1006270506228460e-01
  1.3072327864825470e-01   5.0304716328247318e-02   1.2858663434417153e-01   1.1026666051885731e-01
  1.3569798343609199e-01   5.0471309082674429e-02   1.3383797302125153e-01   1.1044247182992059e-01
  1.4036436724412160e-01   5.0602114995793777e-02   1.3888334053465073e-01   1.1058383354307977e-01
  1.4472555107687160e-01   5.0693159558807703e-02   1.4372364127593978e-01   1.1068479378184581e-01
  1.4878638733380131e-01   5.0742426391053946e-02   1.4835332707567347e-01   1.1074086352747300e-01
  1.5255362929669875e-01   5.0750030209399444e-02   1.5276368263522011e-01   1.1074966252156429e-01
  1.5603592952783629e-01   5.0718042189465788e-02   1.5694533338988986e-01   1.1071114999874404e-01
  1.5924370139338337e-01   5.0650109191960391e-02   1.6089004581041599e-01   1.1062751785606079e-01
  1.6218888018723679e-01   5.0550982957589481e-02   1.6459189099814994e-01   1.1050284313759252e-01
  1.6488462199248496e-01   5.0426045173926876e-02   1.6804787452152076e-01   1.1034260243014403e-01
  1.6734497452193109e-01   5.0280884309747836e-02   1.7125814819465535e-01   1.1015314058765252e-01
  1.6958454633200584e-01   5.0120954227072037e-02   1.7422589373725589e-01   1.0994116731816508e-01
  1.7161820656331769e-01   4.9951323387890309e-02   1.7695706837570155e-01   1.0971332263949055e-01
  1.7346084586048741e-01   4.9776504279393528e-02   1.7946024623157064e-01   1.0947581076772256e-01
  1.7512714479719646e-01   4.9600356228982255e-02   1.8174618750711125e-01   1.0923414089509517e-01
  1.7663135741736649e-01   4.9426059091289873e-02   1.8382713561243705e-01   1.0899300274435425e-01
  1.7798715019415257e-01   4.9256136811582016e-02   1.8571621704069557e-01   1.0875623366597101e-01
  1.7920748984449053e-01   4.9092511820445807e-02   1.8742695974910650e-01   1.0852684797798283e-01
  1.8030457173966427e-01   4.8936575968726637e-02   1.8897291570831762e-01   1.0830710580332648e-01
  1.8128978124175277e-01   4.8789267787844641e-02   1.9036737518234367e-01   1.0809860337887742e-01
  1.8217368096027192e-01   4.8651149198488584e-02   1.9162315843286529e-01   1.0790237176389182e-01
  1.8296601785613256e-01   4.8522477359192427e-02   1.9275247135749893e-01   1.0771897495715504e-01
  1.8367574504913395e-01   4.8403269246595874e-02   1.9376681243731778e-01   1.0754860176715181e-01
  1.8431105410725773e-01   4.8293357895274669e-02   1.9467692062474173e-01   1.0739114813604175e-01
  1.8487941434610322e-01   4.8192440135336898e-02   1.9549275276792452e-01   1.0724628884601697e-01
  1.8538761665549683e-01   4.8100116183269488e-02   1.9622349005486514e-01   1.0711353709472710e-01
  1.8584181884817358e-01   4.8015921970253866e-02   1.9687754113562875e-01   1.0699229718604825e-01
  1.8624759468038363e-01   4.7939354387422160e-02   1.9746262930055411e-01   1.0688189419076266e-01
  1.8660996991199197e-01   4.7869893285081060e-02   1.9798562954995341e-01   1.0678164396184550e-01
  1.8693350844687570e-01   4.7807008851569799e-02   1.9845333226085901e-01   1.0669073885651076e-01
