  1.8727183472085698e-01   5.5443118789238882e-02   1.8220885954479404e-01   5.5886062525154954e-02
  1.8729446534817393e-01   5.6176713296035068e-02   1.8221381508277468e-01   5.6046676119368803e-02
  1.8723438382459334e-01   5.6907949404846628e-02   1.8220063210512899e-01   5.6207049687764028e-02
  1.8709308026032823e-01   5.7625391918757991e-02   1.8216943869258528e-01   5.6365363943270609e-02
  1.8687407936261760e-01   5.8318246153221127e-02   1.8212059746316711e-01   5.6519822783095627e-02
  1.8658264465359681e-01   5.8976852355807984e-02   1.8205470339619004e-01   5.6668678888303750e-02
  1.8622536114690955e-01   5.9593019471066426e-02   1.8197257822429186e-01   5.6810259294603448e-02
  1.8580964729675689e-01   6.0160213733196716e-02   1.8187526138332274e-01   5.6942990664961016e-02
  1.8534338203176190e-01   6.0673460007130191e-02   1.8176399758854364e-01   5.7065424004778764e-02
  1.8483423912549915e-01   6.1129506137390502e-02   1.8164022118668635e-01   5.7176258587190928e-02
  1.8429061516958312e-01   6.1525630507394624e-02   1.8150553751405124e-01   5.7274364902980573e-02
  1.8371692829164851e-01   6.1862452140284581e-02   1.8136170156806264e-01   5.7358806520664420e-02
  1.8313069532813478e-01   6.2134509479650622e-02   1.8121059437092632e-01   5.7428860842029660e-02
  1.8249975096780158e-01   6.2356439908927898e-02   1.8105419746706930e-01   5.7484038872155828e-02
  1.8196897874358575e-01   6.2491553757512641e-02   1.8089456604928614e-01   5.7524104296376201e-02
  1.8172036974046826e-01   6.2542175775017084e-02   1.8073517190583707e-01   5.7556265425516707e-02
  1.8155571088369879e-01   6.2575194981057874e-02   1.8055641455224522e-01   5.7592091166309436e-02
  1.8134262686075994e-01   6.2617581438623435e-02   1.8035597490263119e-01   5.7631958638998740e-02
  1.8111054331144505e-01   6.2663349418719191e-02   1.8013126472177499e-01   5.7676273097824277e-02
  1.8084880790147351e-01   6.2714470974778391e-02   1.7987939762476426e-01   5.7725467015867615e-02
  1.8055594047038290e-01   6.2771055279125437e-02   1.7959715754055355e-01   5.7779998068465080e-02
  1.8022779452342366e-01   6.2833684227132258e-02   1.7928096457962472e-01   5.7840345680213713e-02
  1.7986036377933162e-01   6.2902848696688787e-02   1.7892683829744577e-01   5.7907005728651588e-02
  1.7944905738870454e-01   6.2979073615839834e-02   1.7853035841592413e-01   5.7980482916049625e-02
  1.7898882314527378e-01   6.3062875172933686e-02   1.7808662315925822e-01   5.8061280230132906e-02
  1.7847406363520918e-01   6.3154753601862915e-02   1.7759020548409535e-01   5.8149884816837027e-02
  1.7789860049849146e-01   6.3255172080536159e-02   1.7703510764332067e-01   5.8246749486975800e-02
  1.7725562599236475e-01   6.3364532443601809e-02   1.7641471472574050e-01   5.8352268980027558e-02
  1.7653765773645777e-01   6.3483143965721689e-02   1.7572174806893162e-01   5.8466750021756136e-02
  1.7573649437248853e-01   6.3611184836151108e-02   1.7494821975869596e-01   5.8590374152619307e-02
  1.7484317477401784e-01   6.3748655126784640e-02   1.7408538981487967e-01   5.8723152292010701e-02
  1.7384794285952590e-01   6.3895320327927579e-02   1.7312372812755700e-01   5.8864870068893495e-02
  1.7274022091884703e-01   6.4050644683532165e-02   1.7205288375468827e-01   5.9015023132086585e-02
  1.7150859497332299e-01   6.4213713951307039e-02   1.7086166482224913e-01   5.9172742004722882e-02
  1.7014081644972023e-01   6.4383147838628807e-02   1.6953803297225481e-01   5.9336706630617804e-02
  1.6862382522740987e-01   6.4557003315916656e-02   1.6806911706250516e-01   5.9505051649639068e-02
  1.6694379989790156e-01   6.4732671362152439e-02   1.6644125159567008e-01   5.9675264715407371e-02
  1.6508624176375578e-01   6.4906771531416482e-02   1.6464004608095950e-01   5.9844081910348366e-02
  1.6303609960183910e-01   6.5075051097525691e-02   1.6265049211257393e-01   6.0007386581119787e-02
  1.6077794217678021e-01   6.5232298436248393e-02   1.6045711514954294e-01   6.0160120718028037e-02
  1.5829617497737022e-01   6.5372283011020577e-02   1.5804417437981283e-01   6.0296220315835689e-02
  1.5557530109724182e-01   6.5487732436651902e-02   1.5539591178133697e-01   6.0408585238552984e-02
  1.5260023844205597e-01   6.5570358792204284e-02   1.5249685914803918e-01   6.0489096202238531e-02
  1.4935668752534423e-01   6.5610947851517429e-02   1.4933220143094994e-01   6.0528692720397161e-02
  1.4583153923232675e-01   6.5599520389762342e-02   1.4588819064008457e-01   6.0517522022523730e-02
  1.4201330894572523e-01   6.5525567343777749e-02   1.4215260029737539e-01   6.0445162369174604e-02
  1.3789257775122321e-01   6.5378349343348630e-02   1.3811520500125327e-01   6.0300913583620996e-02
  1.3346241684085300e-01   6.5147235754616298e-02   1.3376826466471975e-01   6.0074132769730927e-02
  1.2871876947651004e-01   6.4822039951201130e-02   1.2910698943623908e-01   5.9754574899571769e-02
  1.2366076319759606e-01   6.4393288031432586e-02   1.2412996028849188e-01   5.9332678297762960e-02
  1.1829093726301491e-01   6.3852341968266987e-02   1.1883948266943693e-01   5.8799717430097723e-02
  1.1261535345600858e-01   6.3191285614077483e-02   1.1324185689522044e-01   5.8147734263365114e-02
  1.0664374483851481e-01   6.2402517562576719e-02   1.0734761570660618e-01   5.7369180440182750e-02
  1.0039036795770963e-01   6.1478327528785903e-02   1.0117217995925931e-01   5.6456506466576517e-02
  9.3875049982013847e-02   6.0410819216927217e-02   9.4736593797768970e-02   5.5402060983577257e-02
  8.7123608220989718e-02   5.9192054514312337e-02   8.8067874145145580e-02   5.4198230463437594e-02
  8.0168421003280962e-02   5.7814554360932011e-02   8.1199140965234562e-02   5.2837855339829036e-02
  7.3047599852339676e-02   5.6271922149421463e-02   7.4169469638751082e-02   5.1314975007383919e-02
  6.5807086836144266e-02   5.4560520983444473e-02   6.7023388979292817e-02   4.9625895781548267e-02
  5.8493265025682986e-02   5.2679288243523560e-02   5.9809972485209334e-02   4.7770500383710855e-02
  5.1166833171254596e-02   5.0635091444432900e-02   5.2581514173784295e-02   4.5753637311933194e-02
  4.4278264229463266e-02   4.8562910719134739e-02   4.5791055078057134e-02   4.3710964652345911e-02
  3.7474406929861280e-02   4.6370864718984758e-02   3.9078999705971826e-02   4.1548500277191633e-02
  3.0790467103291880e-02   4.4075775243545834e-02   3.2486169225215938e-02   3.9284688613112281e-02
  2.4267350401647760e-02   4.1700386450053570e-02   2.6049412952288412e-02   3.6940746773332124e-02
  1.7935451753199261e-02   3.9265659128569386e-02   1.9801432978381737e-02   3.4538288733319676e-02
  1.1822921310073233e-02   3.6791438540436018e-02   1.3770833777894502e-02   3.2097234262358276e-02
  5.9530345184556303e-03   3.4296604725569502e-02   7.9813073317679464e-03   2.9636558998176361e-02
  3.4375776549390750e-04   3.1798258465441397e-02   2.4515100308678856e-03   2.7173618244361732e-02
 -4.9922547340506820e-03   2.9310929308907788e-02  -2.8048608030187528e-03   2.4723421861818289e-02
 -1.0047260029715378e-02   2.6846082474245497e-02  -7.7787733940321863e-03   2.2298128519955319e-02
 -1.4816323736009699e-02   2.4412970252210561e-02  -1.2464319317964469e-02   1.9907640963011754e-02
 -1.9295459060581565e-02   2.2020533984801534e-02  -1.6857476644075629e-02   1.7561144057532920e-02
 -2.3481599867739001e-02   1.9678739669470362e-02  -2.0956148242276602e-02   1.5268296282001678e-02
 -2.7373281789261371e-02   1.7399173268682191e-02  -2.4760617852055546e-02   1.3039826535759807e-02
 -3.0971804313679976e-02   1.5194635687824670e-02  -2.8274268170985026e-02   1.0887291315073478e-02
 -3.4282358517263675e-02   1.3077850090908977e-02  -3.1504162513791525e-02   8.8220841489299890e-03
 -3.7314422327126277e-02   1.1059919365440653e-02  -3.4461042901678798e-02   6.8541920037290165e-03
 -4.0081347575215476e-02   9.1491025682313432e-03  -3.7158749180130284e-02   4.9911781572226036e-03
 -4.2599377648729210e-02   7.3501914478307177e-03  -3.9613282644712790e-02   3.2376310028518138e-03
 -4.4886163871937251e-02   5.6647617874690318e-03  -4.1841583363715573e-02   1.5953089599289997e-03
 -4.6959617057158266e-02   4.0917899217028800e-03  -4.3860662851128912e-02   6.3589378588138219e-05
 -4.8837256600759986e-02   2.6282615135420225e-03  -4.5687100330552434e-02  -1.3600253693049152e-03
 -5.0535843599289150e-02   1.2697247285412805e-03  -4.7336758454887266e-02  -2.6794234106760988e-03
 -5.2071188684228137e-02   1.0758261480739006e-05  -4.8824632111863830e-02  -3.8994574882004738e-03
 -5.3458064141711094e-02  -1.1546497658537595e-03  -5.0164778452159352e-02  -5.0255910149055458e-03
 -5.4710179152447316e-02  -2.2328067733754734e-03  -5.1370296576594900e-02  -6.0636162395502607e-03
 -5.5840192573264148e-02  -3.2300937778434158e-03  -5.2453337490748944e-02  -7.0194379739620325e-03
 -5.6859747655122223e-02  -4.1528042630751315e-03  -5.3425132318076503e-02  -7.8989134810701495e-03
 -5.7779519021158902e-02  -5.0070318227646345e-03  -5.4296031276118061e-02  -8.7077385007880582e-03
 -5.8609265920709475e-02  -5.7985957669797455e-03  -5.5075548697735163e-02  -9.4513699695101538e-03
 -5.9357888050112190e-02  -6.5329954812653520e-03  -5.5772411099320886e-02  -1.0134977133350936e-02
 -6.0033481657184536e-02  -7.2153859832003514e-03  -5.6394606370933117e-02  -1.0763414088743704e-02
 -6.0643394541422736e-02  -7.8505686520807458e-03  -5.6949432838836925e-02  -1.1341208095856949e-02
 -6.1194279145984715e-02  -8.4429924550118683e-03  -5.7443547381464941e-02  -1.1872559194009563e-02
 -6.1692143267129906e-02  -8.9967620660372366e-03  -5.7883012058735570e-02  -1.2361347660706099e-02
 -6.2142398307896633e-02  -9.5156503574968295e-03  -5.8273338899355195e-02  -1.2811146690341684e-02
 -6.2549904573689932e-02  -1.0003112786980062e-02  -5.8619532616394056e-02  -1.3225238337593991e-02
 -6.2919015429181213e-02  -1.0462304404261335e-02  -5.8926131109654951e-02  -1.3606631295266496e-02
 -6.3253614062705452e-02  -1.0896090570843814e-02  -5.9197243677364078e-02  -1.3958079480611845e-02
 -6.3557166211444735e-02  -1.1307080881093549e-02  -5.9436586907562927e-02  -1.4282100710781714e-02
 -6.3832707014907245e-02  -1.1697574813607326e-02  -5.9647518256198948e-02  -1.4580994977336259e-02
 -6.4083045619422990e-02  -1.2069820292476935e-02  -5.9833067347326664e-02  -1.4856861998897221e-02
 -6.4310241979846514e-02  -1.2425183156484188e-02  -5.9995965052948672e-02  -1.5111617854118551e-02
 -6.4517360644001265e-02  -1.2766896485035421e-02  -6.0138670427089522e-02  -1.5347010585407413e-02
 -6.4703653428861543e-02  -1.3091978859131263e-02  -6.0263395581573134e-02  -1.5564634726050599e-02
 -6.4875766162294152e-02  -1.3410702615086961e-02  -6.0372128600314393e-02  -1.5765944746363884e-02
 -6.5045649001066436e-02  -1.3746915520853862e-02  -6.0476805622391612e-02  -1.5973030290526838e-02
 -6.5216717623845996e-02  -1.4113311935724182e-02  -6.0575888643359249e-02  -1.6185176593584635e-02
 -6.5383481052738265e-02  -1.4506442244895145e-02  -6.0667457144341068e-02  -1.6400917180607669e-02
 -6.5543627235164936e-02  -1.4931282996650422e-02  -6.0749650474350457e-02  -1.6618797027225456e-02
 -6.5692581992100194e-02  -1.5390107936838045e-02  -6.0820693029743508e-02  -1.6837386322320250e-02
 -6.5825074383304524e-02  -1.5886764827978999e-02  -6.0878918575970095e-02  -1.7055293610760476e-02
 -6.5934105010565944e-02  -1.6424612802851717e-02  -6.0922793424500632e-02  -1.7271178201379498e-02
 -6.6010782099370585e-02  -1.7006376834866582e-02  -6.0950938185312623e-02  -1.7483761744543722e-02
 -6.6044118824459389e-02  -1.7632783472001892e-02  -6.0962147824652153e-02  -1.7691838901347547e-02
 -6.6021427218366513e-02  -1.8300961350031033e-02  -6.0955409769359870e-02  -1.7894287041797585e-02
 -6.5929580180229125e-02  -1.9002934715158019e-02  -6.0929919813366713e-02  -1.8090074921628806e-02
 -6.5757509072615808e-02  -1.9723781878405205e-02  -6.0885095599547599e-02  -1.8278270296272339e-02
 -6.5498877633286587e-02  -2.0443875720753228e-02  -6.0820587471455662e-02  -1.8458046435962376e-02
 -6.5155918741923474e-02  -2.1138023628706357e-02  -6.0736286514931348e-02  -1.8628687508384985e-02
 -6.4734936146319019e-02  -2.1789107998513801e-02  -6.0632941391991102e-02  -1.8788515420024816e-02
 -6.4246815335670115e-02  -2.2382379773081180e-02  -6.0511541657236920e-02  -1.8935983490901625e-02
 -6.3711822032006774e-02  -2.2902239374865702e-02  -6.0372697965249689e-02  -1.9070768736400550e-02
 -6.3150182319887171e-02  -2.3343335755369239e-02  -6.0217249621575084e-02  -1.9192694530957202e-02
 -6.2580733969025054e-02  -2.3706992338749244e-02  -6.0046257299055175e-02  -1.9301729032657845e-02
 -6.2017463468801430e-02  -2.4000106564557366e-02  -5.9860992738051802e-02  -1.9397981971063936e-02
 -6.1469700800477804e-02  -2.4232013458670577e-02  -5.9662925546908427e-02  -1.9481699788005635e-02
 -6.0942724444777337e-02  -2.4412553801846544e-02  -5.9453707267834680e-02  -1.9553259137660536e-02
 -6.0438935875845819e-02  -2.4550852909196223e-02  -5.9235152919243882e-02  -1.9613158773264798e-02
 -5.9959167782545501e-02  -2.4654756261861990e-02  -5.9009220267108621e-02  -1.9662009872896073e-02
 -5.9502890188816181e-02  -2.4730875997994176e-02  -5.8777987114010430e-02  -1.9700524885124013e-02
 -5.9070609265171332e-02  -2.4784424035732316e-02  -5.8543626924389407e-02  -1.9729505005805038e-02
 -5.8659179616531436e-02  -2.4820019581629302e-02  -5.8308383127486027e-02  -1.9749826428514687e-02
 -5.8274733152173762e-02  -2.4840795405136007e-02  -5.8074542455349869e-02  -1.9762425541535868e-02
 -5.7904110686775617e-02  -2.4850247158216720e-02  -5.7843541923817583e-02  -1.9768293969572550e-02
 -5.7520422153965384e-02  -2.4849871846892444e-02  -5.7590041550870573e-02  -1.9768034587968122e-02
 -5.7110913175460534e-02  -2.4838886757280080e-02  -5.7311753589975860e-02  -1.9760542547351590e-02
 -5.6678729776994348e-02  -2.4816322666493154e-02  -5.7006159489321515e-02  -1.9744566898506861e-02
 -5.6219407909198861e-02  -2.4780950621369299e-02  -5.6670489129318893e-02  -1.9718693958627680e-02
 -5.5730732737369587e-02  -2.4731469300374440e-02  -5.6301698921270897e-02  -1.9681329262369741e-02
 -5.5209330729655767e-02  -2.4666329568575233e-02  -5.5896448905598160e-02  -1.9630678131183393e-02
 -5.4651708705105620e-02  -2.4583781032632691e-02  -5.5451079055382657e-02  -1.9564724963040035e-02
 -5.4053922645969157e-02  -2.4481817974224350e-02  -5.4961585072865110e-02  -1.9481211440470846e-02
 -5.3411648440007856e-02  -2.4358164441340317e-02  -5.4423594064122491e-02  -1.9377613985772965e-02
 -5.2720140365735177e-02  -2.4210246641374184e-02  -5.3832340591028309e-02  -1.9251120967883461e-02
 -5.1974222457692801e-02  -2.4035171428365157e-02  -5.3182643729274941e-02  -1.9098610396938043e-02
 -5.1168273759434467e-02  -2.3829706063621052e-02  -5.2468885904624556e-02  -1.8916629142342399e-02
 -5.0296219037760187e-02  -2.3590262458467327e-02  -5.1684994432235759e-02  -1.8701375091149882e-02
 -4.9351523175068843e-02  -2.3312887215483059e-02  -5.0824426838255964e-02  -1.8448684137322480e-02
 -4.8327191194285420e-02  -2.2993260045555811e-02  -4.9880161186941503e-02  -1.8154024466610859e-02
 -4.7215775034621550e-02  -2.2626703582056634e-02  -4.8844692752861990e-02  -1.7812501274942893e-02
 -4.6009388461811941e-02  -2.2208208378889115e-02  -4.7710038441641761e-02  -1.7418875812369880e-02
 -4.4699731328481797e-02  -2.1732477572355011e-02  -4.6467750340581454e-02  -1.6967603433464134e-02
 -4.3278124121721773e-02  -2.1193996294501635e-02  -4.5108939627171975e-02  -1.6452896066535553e-02
 -4.1735553159132882e-02  -2.0587131238913387e-02  -4.3624311718039842e-02  -1.5868815025180713e-02
 -4.0062725816580082e-02  -1.9906265510301172e-02  -4.2004212919280061e-02  -1.5209400107006485e-02
 -3.8250133597149086e-02  -1.9145972579845488e-02  -4.0238687820453797e-02  -1.4468840030131519e-02
 -3.6288118350457657e-02  -1.8301230118267967e-02  -3.8317545073727477e-02  -1.3641686797137105e-02
 -3.4166933096298216e-02  -1.7367668697183127e-02  -3.6230426715642590e-02  -1.2723111574104331e-02
 -3.1876782535605087e-02  -1.6341840200919132e-02  -3.3966872305698260e-02  -1.1709190684760073e-02
 -2.9407818861834686e-02  -1.5221474438450474e-02  -3.1516362952513963e-02  -1.0597195186039521e-02
 -2.6750049734781678e-02  -1.4005664836798892e-02  -2.8868320073265123e-02  -9.3858328528715392e-03
 -2.3893093251920943e-02  -1.2694884288156027e-02  -2.6012016193460944e-02  -8.0753515894480300e-03
 -2.0825642807948200e-02  -1.1290652321969519e-02  -2.2936326194066371e-02  -6.6673491272632021e-03
 -1.7534930194816150e-02  -9.7948471969291403e-03  -1.9629429335610481e-02  -5.1641895615787657e-03
 -1.4007041938698159e-02  -8.2091333235911872e-03  -1.6079101780592998e-02  -3.5683914865328450e-03
 -1.0227970738812278e-02  -6.5346204232477568e-03  -1.2273534181573575e-02  -1.8821386136911131e-03
 -6.1854520509904212e-03  -4.7719644622158559e-03  -8.2027264040721928e-03  -1.0714710555381418e-04
 -1.8712518801691624e-03  -2.9220313567898748e-03  -3.8602245430620326e-03   1.7549232648503390e-03
  2.7169552490903712e-03  -9.8690609898445091e-04   7.5541038813148537e-04   3.7016180339450901e-03
  7.5746300313852769e-03   1.0289922999357206e-03   5.6398145439960530e-03   5.7286099244213250e-03
  1.2690443418613131e-02   3.1178913228678022e-03   1.0782788073056590e-02   7.8285991114263823e-03
  1.8048277110310967e-02   5.2685908691460928e-03   1.6169626518159407e-02   9.9909407862133898e-03
  2.3629120283740791e-02   7.4671872664740764e-03   2.1782464209569252e-02   1.2202140078313099e-02
  2.9411305323811782e-02   9.6975460541621136e-03   2.7600363728380539e-02   1.4446272970352796e-02
  3.5370278575846965e-02   1.1941740415997808e-02   3.3599418736340085e-02   1.6705559494787282e-02
  4.1480419546585989e-02   1.4181651414664868e-02   3.9752903325540934e-02   1.8961358988632455e-02
  4.7713012371547195e-02   1.6401013777753649e-02   4.6030983938080812e-02   2.1196917981929075e-02
  5.4038563977551787e-02   1.8586025359072542e-02   5.2401556418717951e-02   2.3397482834613376e-02
  6.0421228534872834e-02   2.0722997843277236e-02   5.8831117985461860e-02   2.5550156969229978e-02
  6.7211760733191475e-02   2.2924701119922640e-02   6.5666622099212105e-02   2.7766442892095261e-02
  7.3988292977993392e-02   2.5053064182880742e-02   7.2486685691702482e-02   2.9908483046828006e-02
  8.0710659193253639e-02   2.7102907070897745e-02   7.9246999254045256e-02   3.1969899609311320e-02
  8.7333269302794905e-02   2.9069063027245254e-02   8.5903286941623608e-02   3.3946056694798644e-02
  9.3813691211534336e-02   3.0947755421007268e-02   9.2412951746998512e-02   3.5833228349916896e-02
  1.0011143099176657e-01   3.2735106303751781e-02   9.8736653101696145e-02   3.7627948273363146e-02
  1.0619048839616795e-01   3.4427120686400733e-02   1.0483965635561375e-01   3.9326627762100198e-02
  1.1202017595041902e-01   3.6019543664475330e-02   1.1069283312273767e-01   4.0925466391589956e-02
  1.1757598126831083e-01   3.7508105099896875e-02   1.1627324788768918e-01   4.2420619987979254e-02
  1.2283987815261212e-01   3.8888905135546520e-02   1.2156434742422714e-01   4.3808553308694945e-02
  1.2780064533317254e-01   4.0159045366708349e-02   1.2655598828241066e-01   4.5086595022734724e-02
  1.3245356402319156e-01   4.1317320516782795e-02   1.3124392990867512e-01   4.6253584498339585e-02
  1.3679927020592861e-01   4.2364532702750535e-02   1.3562877289373204e-01   4.7310223031588113e-02
  1.4084260208126384e-01   4.3303480455884245e-02   1.3971495709934409e-01   4.8259117002420741e-02
  1.4459161861151090e-01   4.4138739068025783e-02   1.4350990217375834e-01   4.9104603175601905e-02
  1.4805677641545584e-01   4.4876315154772375e-02   1.4702329023679403e-01   4.9852440465205372e-02
  1.5125025749668733e-01   4.5523249207018356e-02   1.5026647787126279e-01   5.0509439579960055e-02
  1.5418542722848325e-01   4.6087219981552838e-02   1.5325201847712000e-01   5.1083084760497062e-02
  1.5687640120067986e-01   4.6576186483268396e-02   1.5599327479581712e-01   5.1581184439277082e-02
  1.5933770014752971e-01   4.6998087363134523e-02   1.5850410320894645e-01   5.2011572471380239e-02
  1.6158397506060340e-01   4.7360605385523544e-02   1.6079859471166641e-01   5.2381869618176563e-02
  1.6362978836146314e-01   4.7670996169391182e-02   1.6289086110106687e-01   5.2699306351794428e-02
  1.6548943805381919e-01   4.7935974749176546e-02   1.6479485742649785e-01   5.2970602296350894e-02
  1.6717681466886153e-01   4.8161650141425344e-02   1.6652423457997051e-01   5.3201893787738479e-02
  1.6870529699496370e-01   4.8353500091726918e-02   1.6809222374037025e-01   5.3398701571461808e-02
  1.7008767785890783e-01   4.8516377573433619e-02   1.6951154524287534e-01   5.3565930820539787e-02
  1.7133610836542731e-01   4.8654538683552580e-02   1.7079433758787921e-01   5.3707894124367307e-02
  1.7246205927099967e-01   4.8771684139513417e-02   1.7195210553951676e-01   5.3828349441702554e-02
  1.7347629797320502e-01   4.8871008385458437e-02   1.7299568581482777e-01   5.3930546777430262e-02
  1.7438887933606717e-01   4.8955251868939606e-02   1.7393522847374687e-01   5.4017278901831958e-02
  1.7520914840715107e-01   4.9026753334029755e-02   1.7478019189582522e-01   5.4090932744162067e-02
  1.7594575304551172e-01   4.9087500006575462e-02   1.7553934915419622e-01   5.4153539156023535e-02
  1.7660666452909440e-01   4.9139174342885367e-02   1.7622080364190401e-01   5.4206819571426285e-02
  1.7719920434662462e-01   4.9183196608979456e-02   1.7683201193815967e-01   5.4252228717950816e-02
  1.7773007549427777e-01   4.9220762982133029e-02   1.7737981209202081e-01   5.4290992990294031e-02
  1.7820539702066565e-01   4.9252879179024094e-02   1.7787045572252777e-01   5.4324144416952262e-02
  1.7863073980735084e-01   4.9280389744113265e-02   1.7830964256704399e-01   5.4352550363502623e-02
  1.7901116583487936e-01   4.9304003513897021e-02   1.7870255633836515e-01   5.4376939248289693e-02
  1.7935125627022694e-01   4.9324314770620555e-02   1.7905390096580581e-01   5.4397922620026094e-02
  1.7965518596370714e-01   4.9341823942559621e-02   1.7936793648962623e-01   5.4416013979034131e-02
  1.7992659864340579e-01   4.9356944170612427e-02   1.7964851404866891e-01   5.4431644727767195e-02
  1.8016931421459523e-01   4.9370051394267880e-02   1.7989910954710178e-01   5.4445177621691355e-02
  1.8038452778813605e-01   4.9381344747509673e-02   1.8012285570849246e-01   5.4456918065801108e-02
  1.8058273731582636e-01   4.9391472777927783e-02   1.8032257232585922e-01   5.4467123570152591e-02
  1.8073357321280875e-01   4.9399031152773186e-02   1.8050079459718399e-01   5.4476011643451158e-02
  1.8097339417096586e-01   4.9411136364264301e-02   1.8065979949966665e-01   5.4483766369375027e-02
  1.8151132283200833e-01   4.9463812355236905e-02   1.8082030393288576e-01   5.4498929997126945e-02
  1.8216238616438332e-01   4.9586260652295280e-02   1.8098012933620106e-01   5.4529153082728432e-02
  1.8277556302333053e-01   4.9763485945449680e-02   1.8113734827495845e-01   5.4574532528557464e-02
  1.8338546935852792e-01   5.0004678341130315e-02   1.8129005501566223e-01   5.4634921911217049e-02
  1.8397425916866073e-01   5.0306636071559115e-02   1.8143638801529352e-01   5.4709944690713989e-02
  1.8453832885691826e-01   5.0670334036200061e-02   1.8157455214362084e-01   5.4799007476947444e-02
  1.8506984375175173e-01   5.1094319492562990e-02   1.8170284050136543e-01   5.4901313831737270e-02
  1.8556173190174693e-01   5.1576870044202063e-02   1.8181965566389241e-01   5.5015878944554238e-02
  1.8600643311552564e-01   5.2115025935072293e-02   1.8192353014682347e-01   5.5141545410439967e-02
  1.8639639465847452e-01   5.2704638158028699e-02   1.8201314585825751e-01   5.5277000251905267e-02
  1.8672423606026436e-01   5.3340114150749823e-02   1.8208735227414874e-01   5.5420793256396546e-02
  1.8698311664606931e-01   5.4014335346165752e-02   1.8214518305097332e-01   5.5571356642121081e-02
  1.8716714807680784e-01   5.4718664356727786e-02   1.8218587077526177e-01   5.5727026013931591e-02
  1.8727183472085698e-01   5.5443118789238882e-02   1.8220885954479404e-01   5.5886062525154954e-02
