 -7.6641895143493038e-02  -8.4167995767228859e-02  -6.7555893959977117e-02  -2.4859947557115361e-02
 -7.2683864744843021e-02  -8.4659528448447693e-02  -6.6981179475191346e-02  -2.4931148420898847e-02
 -6.9180622197963532e-02  -8.4906554282966326e-02  -6.6439400545115157e-02  -2.4969206127997412e-02
 -6.6084752469125249e-02  -8.4981203438885891e-02  -6.5928367692506193e-02  -2.4981407240885014e-02
 -6.3356564811963223e-02  -8.4937091389889821e-02  -6.5447352976728115e-02  -2.4973530748029351e-02
 -6.0937930646483895e-02  -8.4812959192009540e-02  -6.4992083307219173e-02  -2.4950083833374673e-02
 -5.8824942814849075e-02  -8.4639770355684776e-02  -6.4568219146364417e-02  -2.4915279759448999e-02
 -5.6918152063910168e-02  -8.4432111865008153e-02  -6.4161493014496945e-02  -2.4870933133610031e-02
 -5.5065899119144598e-02  -8.4184120767621620e-02  -6.3741248063059350e-02  -2.4814614110573202e-02
 -5.3219352807967253e-02  -8.3891905878253792e-02  -6.3294243742217149e-02  -2.4743815692154218e-02
 -5.1403059718495292e-02  -8.3561098464032618e-02  -6.2823587219719951e-02  -2.4658029345405431e-02
 -4.9608760395295708e-02  -8.3192551828264266e-02  -6.2324581704947854e-02  -2.4555465539627834e-02
 -4.7837864921642936e-02  -8.2788702257369104e-02  -6.1794810698403729e-02  -2.4434579313188383e-02
 -4.6087837313549977e-02  -8.2351129704805598e-02  -6.1230671225896836e-02  -2.4293446482831646e-02
 -4.4356197848270593e-02  -8.1881271496770158e-02  -6.0628422811490564e-02  -2.4129953808371400e-02
 -4.2639477284602462e-02  -8.1380136076025553e-02  -5.9983851647820913e-02  -2.3941710976197735e-02
 -4.0933548202469625e-02  -8.0848334598268512e-02  -5.9292337053744676e-02  -2.3726054602505920e-02
 -3.9233599204347755e-02  -8.0286037677800362e-02  -5.8548804448020381e-02  -2.3480027024042949e-02
 -3.7534201884554697e-02  -7.9692969049304202e-02  -5.7747709359291542e-02  -2.3200366740959811e-02
 -3.5829355556364816e-02  -7.9068405334262626e-02  -5.6883013619278437e-02  -2.2883500936640742e-02
 -3.4112538192285026e-02  -7.8411190262233241e-02  -5.5948164958735024e-02  -2.2525544486987049e-02
 -3.2376756910073648e-02  -7.7719761483849653e-02  -5.4936078083229672e-02  -2.2122306252459853e-02
 -3.0614600250421706e-02  -7.6992191008267069e-02  -5.3839118999713317e-02  -2.1669304886303021e-02
 -2.8818292354497732e-02  -7.6226239682649674e-02  -5.2649093610948799e-02  -2.1161796423178419e-02
 -2.6979749267613037e-02  -7.5419426186522767e-02  -5.1357241946908452e-02  -2.0594816286671241e-02
 -2.5090636552643639e-02  -7.4569110489192750e-02  -4.9954239372782046e-02  -1.9963238508219818e-02
 -2.3142425708380356e-02  -7.3672590677099914e-02  -4.8430206015094956e-02  -1.9261854905936716e-02
 -2.1126443967169485e-02  -7.2727210132671888e-02  -4.6774725295480588e-02  -1.8485476523726389e-02
 -1.9033907309102736e-02  -7.1730468832442135e-02  -4.4976871741201525e-02  -1.7629058532202674e-02
 -1.6855919044553688e-02  -7.0680127459906872e-02  -4.3025246948822468e-02  -1.6687847668821386e-02
 -1.4583404468655248e-02  -6.9574285222692087e-02  -4.0908020372168938e-02  -1.5657547584622091e-02
 -1.2206933987125863e-02  -6.8411400779139805e-02  -3.8612968100128160e-02  -1.4534491416937537e-02
 -9.7163571394486593e-03  -6.7190207877208835e-02  -3.6127496881069435e-02  -1.3315801174688384e-02
 -7.1001282521702437e-03  -6.5909453471088300e-02  -3.3438632209656850e-02  -1.1999498831138348e-02
 -4.3441141167378551e-03  -6.4567338233460864e-02  -3.0532932148660180e-02  -1.0584509388624846e-02
 -1.4296083692727779e-03  -6.3160502116984873e-02  -2.7396271948761056e-02  -9.0704625297403745e-03
  1.6701522323603335e-03  -6.1682177460538626e-02  -2.4013378088253344e-02  -7.4571254064361957e-03
  4.9919634178109129e-03  -6.0120900708612944e-02  -2.0367554456305611e-02  -5.7435630283590097e-03
  8.5791921767858562e-03  -5.8461695750517191e-02  -1.6441676253045993e-02  -3.9277050381454860e-03
  1.2474754381622370e-02  -5.6688806304029241e-02  -1.2220085309343261e-02  -2.0064060948439565e-03
  1.6711815226954314e-02  -5.4789429221424907e-02  -7.6911512053675617e-03   2.3846810052834816e-05
  2.1304617306950803e-02  -5.2757682388563501e-02  -2.8498592906246486e-03   2.1655482183224953e-03
  2.6243388355727950e-02  -5.0597403238950768e-02   2.3005686025095590e-03   4.4184252312712783e-03
  3.1493937117941573e-02  -4.8323639172655919e-02   7.7483422474683220e-03   6.7776015052757703e-03
  3.7001733324835695e-02  -4.5962651805085644e-02   1.3473941470852631e-02   9.2319404162148760e-03
  4.2704785563779012e-02  -4.3547744492196873e-02   1.9453177114442374e-02   1.1763761584918188e-02
  4.8544267276609002e-02  -4.1114690836272345e-02   2.5659839449578607e-02   1.4349738873492432e-02
  5.4466032288961255e-02  -3.8700266737002137e-02   3.2066136802959409e-02   1.6961611440222485e-02
  6.0418475706385741e-02  -3.6341891439416907e-02   3.8642505892326089e-02   1.9567026799600758e-02
  6.6370129947965623e-02  -3.4069126903632549e-02   4.5360169861282711e-02   2.2132132665490908e-02
  7.2301718078412291e-02  -3.1903975773626941e-02   5.2187907716383430e-02   2.4624199791486962e-02
  7.8191877294850887e-02  -2.9866385685533094e-02   5.9098269621558237e-02   2.7014491118700325e-02
  8.4015730547052456e-02  -2.7974354554644906e-02   6.6052724819108830e-02   2.9273618555482446e-02
  9.0115751734570967e-02  -2.6134548562184577e-02   7.3446298221020556e-02   3.1503367079861164e-02
  9.6136033204984941e-02  -2.4469077615573924e-02   8.0822419327772441e-02   3.3543793628828762e-02
  1.0208616728609250e-01  -2.2973555199863827e-02   8.8154364057929521e-02   3.5386575530042416e-02
  1.0796465219124092e-01  -2.1642870411749636e-02   9.5402412140917839e-02   3.7027310471882027e-02
  1.1377228280102661e-01  -2.0467904824461376e-02   1.0253259518761909e-01   3.8469938895452686e-02
  1.1950400504426181e-01  -1.9437943639179014e-02   1.0950900577510424e-01   3.9723699252220981e-02
  1.2515082380361520e-01  -1.8540594131481951e-02   1.1629765673779616e-01   4.0802656815063745e-02
  1.3069905544148194e-01  -1.7762384843760776e-02   1.2286629086215356e-01   4.1724149758994640e-02
  1.3613148525241947e-01  -1.7089109870839815e-02   1.2918571219558433e-01   4.2507502756413948e-02
  1.4142844234138136e-01  -1.6506303983974208e-02   1.3523054030681408e-01   4.3172720893866298e-02
  1.4656740008786429e-01  -1.5999958871922806e-02   1.4097962428306582e-01   4.3739280841646598e-02
  1.5152315534431454e-01  -1.5557253652565162e-02   1.4641639296999970e-01   4.4225026147157107e-02
  1.5627061302968046e-01  -1.5166932739725920e-02   1.5152945404866613e-01   4.4645452361662133e-02
  1.6078736178251024e-01  -1.4819511371281895e-02   1.5631279686471586e-01   4.5013408236543054e-02
  1.6505520870650497e-01  -1.4507344781401921e-02   1.6076558291447057e-01   4.5339118026054899e-02
  1.6906097247912888e-01  -1.4224541173465284e-02   1.6489165324598398e-01   4.5630423341870681e-02
  1.7279667984792224e-01  -1.3966754262730363e-02   1.6869886226722391e-01   4.5893147934611390e-02
  1.7625934603277421e-01  -1.3730903685473181e-02   1.7219833278205793e-01   4.6131506651711757e-02
  1.7945048319667978e-01  -1.3514872271114135e-02   1.7540370383398302e-01   4.6348501980506968e-02
  1.8237545194091673e-01  -1.3317219102691680e-02   1.7833042115762870e-01   4.6546273327689056e-02
  1.8504275061683909e-01  -1.3136933095481265e-02   1.8099510150087186e-01   4.6726382354249800e-02
  1.8746327770813051e-01  -1.2973241078739282e-02   1.8341498451200119e-01   4.6890030818127273e-02
  1.8964973450234046e-01  -1.2825463435411168e-02   1.8560749270082361e-01   4.7038217383747201e-02
  1.9161642875644092e-01  -1.2692889868802008e-02   1.8758992369109645e-01   4.7171851481668685e-02
  1.9337891594175402e-01  -1.2574705523034926e-02   1.8937918044447180e-01   4.7291830337592412e-02
  1.9495334386345292e-01  -1.2469983871821744e-02   1.9099153176109160e-01   4.7399073619219342e-02
  1.9635592048163336e-01  -1.2377707148151521e-02   1.9244244748079703e-01   4.7494529565301272e-02
  1.9760251338036461e-01  -1.2296799333471782e-02   1.9374649443622363e-01   4.7579165108885435e-02
  1.9870835547507387e-01  -1.2226162762872320e-02   1.9491727934883132e-01   4.7653948641541696e-02
  1.9968783960302644e-01  -1.2164712322120838e-02   1.9596742741141421e-01   4.7719831035280692e-02
  2.0055438531951594e-01  -1.2111403958275029e-02   1.9690858738229233e-01   4.7777728256183843e-02
  2.0132036398573411e-01  -1.2065256119403442e-02   1.9775145590399870e-01   4.7828507288017560e-02
  2.0199707001312936e-01  -1.2025364051321409e-02   1.9850581531721162e-01   4.7872975997867197e-02
  2.0259472868106360e-01  -1.1990907618172744e-02   1.9918058053144078e-01   4.7911876894839896e-02
  2.0312252965323699e-01  -1.1961153876970512e-02   1.9978385146427294e-01   4.7945884340175014e-02
  2.0358868608389719e-01  -1.1935455229245398e-02   2.0032296862701154e-01   4.7975604596898487e-02
  2.0400048613936353e-01  -1.1913245823837473e-02   2.0080456894910170e-01   4.8001577995589614e-02
  2.0436442583248371e-01  -1.1894032169798723e-02   2.0123464412104139e-01   4.8024282780128900e-02
  2.0468608271426600e-01  -1.1877396576772344e-02   2.0161858450234565e-01   4.8044139240660318e-02
  2.0497092193267472e-01  -1.1862952194864732e-02   2.0196127434847574e-01   4.8061517109576554e-02
