 -8.1376476176703266e-02  -7.2808225164874563e-02  -5.7291926965429459e-02  -1.7854294556684844e-02
 -7.7681745864789598e-02  -7.4300168665354188e-02  -5.6849843120978995e-02  -1.8032666249906452e-02
 -7.4338111135673068e-02  -7.5441095756003926e-02  -5.6425715563090999e-02  -1.8177266990793486e-02
 -7.1326347084152947e-02  -7.6308854501293724e-02  -5.6019825209213885e-02  -1.8294111650083815e-02
 -6.8628732632090711e-02  -7.6963595765464340e-02  -5.5633239572968472e-02  -1.8387857100464946e-02
 -6.6202515582689345e-02  -7.7457433498289222e-02  -5.5263607651544339e-02  -1.8463024498165042e-02
 -6.4058616343927496e-02  -7.7821301614494423e-02  -5.4916905295981276e-02  -1.8521814946262153e-02
 -6.2100829252458314e-02  -7.8095756111459330e-02  -5.4581472073090359e-02  -1.8568793585146216e-02
 -6.0183030315302477e-02  -7.8312347914112249e-02  -5.4233194975226488e-02  -1.8608081237215676e-02
 -5.8251853535428159e-02  -7.8479344704248777e-02  -5.3860324074453854e-02  -1.8640273279356214e-02
 -5.6335632234609731e-02  -7.8595452604680135e-02  -5.3465669550583877e-02  -1.8664130959047290e-02
 -5.4425989991623770e-02  -7.8663071427293646e-02  -5.3045038295120361e-02  -1.8678965429021706e-02
 -5.2525607869223993e-02  -7.8683740522768317e-02  -5.2596296702580821e-02  -1.8683782163709112e-02
 -5.0632697386057100e-02  -7.8659128928002850e-02  -5.2116225204388023e-02  -1.8677472188527597e-02
 -4.8745594850803410e-02  -7.8590739661422299e-02  -5.1601477581475597e-02  -1.8658745419376177e-02
 -4.6861530733918966e-02  -7.8479861335255946e-02  -5.1048271521188807e-02  -1.8626112901425913e-02
 -4.4977018226366475e-02  -7.8327504280777199e-02  -5.0452452707396914e-02  -1.8577863133369940e-02
 -4.3087828571866514e-02  -7.8134346818039491e-02  -4.9809454493655578e-02  -1.8512037696641545e-02
 -4.1189087304326133e-02  -7.7900698611441943e-02  -4.9114288597197762e-02  -1.8426408498255508e-02
 -3.9275353957915579e-02  -7.7626477438511476e-02  -4.8361530439305231e-02  -1.8318456084321609e-02
 -3.7340720261763924e-02  -7.7311202463975354e-02  -4.7545310127993234e-02  -1.8185350709754945e-02
 -3.5378919189760681e-02  -7.6954004819296123e-02  -4.6659307577240468e-02  -1.8023937469702746e-02
 -3.3383448225942178e-02  -7.6553657578451298e-02  -4.5696753827678058e-02  -1.7830727600815981e-02
 -3.1347707643105280e-02  -7.6108627386095293e-02  -4.4650439904390438e-02  -1.7601898590301538e-02
 -2.9265154889209721e-02  -7.5617150416652512e-02  -4.3512734871794856e-02  -1.7333306474786089e-02
 -2.7129475145565296e-02  -7.5077335411338042e-02  -4.2275614673403634e-02  -1.7020514473542525e-02
 -2.4934766517598472e-02  -7.4487296148768881e-02  -4.0930703185153898e-02  -1.6658842856919931e-02
 -2.2675735583793970e-02  -7.3845314485415509e-02  -3.9469326493464289e-02  -1.6243445554289339e-02
 -2.0347894703177525e-02  -7.3150032594121603e-02  -3.7882580645768577e-02  -1.5769419240004343e-02
 -1.7947745756795391e-02  -7.2400668587382561e-02  -3.6161411848482768e-02  -1.5231950152380739e-02
 -1.5472924409374800e-02  -7.1597242417141715e-02  -3.4296706037151292e-02  -1.4626502161903816e-02
 -1.2922262503871903e-02  -7.0740787679726899e-02  -3.2279381562835961e-02  -1.3949045835185015e-02
 -1.0295698413954696e-02  -6.9833507601874706e-02  -3.0100473518129750e-02  -1.3196321203951946e-02
 -7.5939234523721005e-03  -6.8878809194886578e-02  -2.7751190403132769e-02  -1.2366115142348505e-02
 -4.8175648857949303e-03  -6.7881108047054772e-02  -2.5222908684764501e-02  -1.1457514183797068e-02
 -1.9656146312142138e-03  -6.6845254180907338e-02  -2.2507052002845904e-02  -1.0471063714814313e-02
  9.6758171348230310e-04  -6.5775282148384948e-02  -1.9594744460658623e-02  -9.4087074581641478e-03
  3.9951840309955314e-03  -6.4673053291613630e-02  -1.6476411130406533e-02  -8.2734629425015305e-03
  7.1379486026626176e-03  -6.3537898883689381e-02  -1.3141912591377794e-02  -7.0690824453182519e-03
  1.0421910273763442e-02  -6.2367246088118833e-02  -9.5811763682033362e-03  -5.7997949806668607e-03
  1.3873445153471746e-02  -6.1158290504824631e-02  -5.7854157238501017e-03  -4.4702918719031794e-03
  1.7512623275924386e-02  -5.9910360184419253e-02  -1.7487587044634990e-03  -3.0860769579183775e-03
  2.1347797538864691e-02  -5.8626891154732665e-02   2.5303066760067761e-03  -1.6540727443164678e-03
  2.5372859854588831e-02  -5.7316510086364195e-02   7.0480735128386251e-03  -1.8331303308172925e-04
  2.9568073592453760e-02  -5.5992927716609624e-02   1.1795499773183898e-02   1.3144506900022307e-03
  3.3908948170076267e-02  -5.4672111351091124e-02   1.6759795392403881e-02   2.8249021279414272e-03
  3.8374831304726423e-02  -5.3369204048806476e-02   2.1926078432832161e-02   4.3320830162092367e-03
  4.2950820184719560e-02  -5.2097479917395197e-02   2.7277638839564421e-02   5.8192826520188602e-03
  4.7625595828598974e-02  -5.0868461422290560e-02   3.2795609431169312e-02   7.2699209378340734e-03
  5.2408417159204426e-02  -4.9687022671829208e-02   3.8460789800561938e-02   8.6693282341728448e-03
  5.7320433406516914e-02  -4.8552302374692054e-02   4.4251201764046802e-02   1.0007028088313233e-02
  6.2375071233511541e-02  -4.7462724551294695e-02   5.0145184621934596e-02   1.1277635283047233e-02
  6.7581164729955540e-02  -4.6414866415208575e-02   5.6113005801708221e-02   1.2478947613061491e-02
  7.3284615559475921e-02  -4.5339610020169771e-02   6.2490572001199611e-02   1.3681476242809441e-02
  7.9184594628677371e-02  -4.4287925357858873e-02   6.8884970898176884e-02   1.4821445735142196e-02
  8.5265430455027394e-02  -4.3245705899222241e-02   7.5257370064950063e-02   1.5913728912382956e-02
  9.1480296896617130e-02  -4.2200850949029527e-02   8.1559464006369015e-02   1.6973274095315412e-02
  9.7763303828125633e-02  -4.1143637853538001e-02   8.7743569253600676e-02   1.8013820839817552e-02
  1.0403294029559615e-01  -4.0069259918401559e-02   9.3762446920881398e-02   1.9045179652992003e-02
  1.1020011885973957e-01  -3.8979388866627204e-02   9.9572796103940237e-02   2.0071944827406058e-02
  1.1617498837466655e-01  -3.7883012934865859e-02   1.0513708917932085e-01   2.1092954894016670e-02
  1.2187333971738497e-01  -3.6795938455035419e-02   1.1042511108230313e-01   2.2101753020258345e-02
  1.2722205562200864e-01  -3.5738957873657821e-02   1.1541479149293413e-01   2.3087809110311892e-02
  1.3216836949530317e-01  -3.4733834451291037e-02   1.2009318732486252e-01   2.4038522788747164e-02
  1.3668553012490639e-01  -3.3798873943337193e-02   1.2445631435385383e-01   2.4941625557646268e-02
  1.4076852600354453e-01  -3.2946947915429868e-02   1.2850720843915006e-01   2.5786859143069850e-02
  1.4442807329715640e-01  -3.2185132716598910e-02   1.3225399058646140e-01   2.6566817975724119e-02
  1.4768578855864556e-01  -3.1515168480125338e-02   1.3570830390796237e-01   2.7277176782184508e-02
  1.5057018434012859e-01  -3.0934458400064015e-02   1.3888407832115712e-01   2.7916496784311358e-02
  1.5311354921889900e-01  -3.0437266319263665e-02   1.4179659631316319e-01   2.8485790092716168e-02
  1.5534958721999725e-01  -3.0015886955129269e-02   1.4446180655446095e-01   2.8987979292593637e-02
  1.5731170861578891e-01  -2.9661649098063039e-02   1.4689583425323713e-01   2.9427347857914617e-02
  1.5903185718003132e-01  -2.9365691339406780e-02   1.4911464076772107e-01   2.9809039911621343e-02
  1.6053976298258774e-01  -2.9119505495460753e-02   1.5113379263490087e-01   3.0138639276531855e-02
  1.6186254490729346e-01  -2.8915271730862460e-02   1.5296830974264880e-01   3.0421837912563872e-02
  1.6302449641157687e-01  -2.8746040289773324e-02   1.5463256039290341e-01   3.0664189552051822e-02
  1.6404684285576185e-01  -2.8605822710787814e-02   1.5614017245109119e-01   3.0870933783761420e-02
  1.6494781487283267e-01  -2.8489570979771367e-02   1.5750399998929146e-01   3.1046885246473498e-02
  1.6574304822733052e-01  -2.8393073662246849e-02   1.5873613036808426e-01   3.1196380959471044e-02
  1.6644596026049371e-01  -2.8312842091571727e-02   1.5984789337565339e-01   3.1323267048639393e-02
  1.6706807897626055e-01  -2.8246000909722332e-02   1.6084987277620308e-01   3.1430911809130400e-02
  1.6761932909500804e-01  -2.8190188259439586e-02   1.6175192134480665e-01   3.1522235291215908e-02
  1.6810827695088573e-01  -2.8143468158081428e-02   1.6256317989083510e-01   3.1599748181471446e-02
  1.6854233830701038e-01  -2.8104255433199679e-02   1.6329210031344829e-01   3.1665594834397251e-02
  1.6892795342750622e-01  -2.8071252523663645e-02   1.6394647238113616e-01   3.1721596936657742e-02
  1.6927073365279335e-01  -2.8043396931308112e-02   1.6453345368196134e-01   3.1769295521698493e-02
  1.6957558424239177e-01  -2.8019817863887478e-02   1.6505960206808717e-01   3.1809989966335092e-02
  1.6984680521174006e-01  -2.7999800830673244e-02   1.6553090981794910e-01   3.1844773250440016e-02
  1.7008818095823375e-01  -2.7982758351185751e-02   1.6595283896786933e-01   3.1874563227905384e-02
  1.7030303533378793e-01  -2.7968207502589867e-02   1.6633035642182617e-01   3.1900129890914342e-02
  1.7049434793526322e-01  -2.7955746992676105e-02   1.6666797133200567e-01   3.1922119052216001e-02
  1.7066460274173612e-01  -2.7945054570888785e-02   1.6696976131652577e-01   3.1941071926343864e-02
  1.7081654594371848e-01  -2.7935830065945709e-02   1.6723944165885665e-01   3.1957444388998092e-02
