 -5.2090611661585545e-02   5.2737863075444586e-04  -8.7537523775190418e-02   4.8937258011004632e-02
 -5.1081978104412729e-02   1.2568025445468659e-03  -8.5966702243746418e-02   5.0073357336160237e-02
 -4.9967594810963606e-02   2.0436473110477834e-03  -8.4308476388231940e-02   5.1244296214248558e-02
 -4.8736538198531382e-02   2.8929065492624521e-03  -8.2547017520026189e-02   5.2459543393522642e-02
 -4.7376974904814927e-02   3.8096735822379679e-03  -8.0664404522825250e-02   5.3729078921504664e-02
 -4.5876139660602153e-02   4.7990152514901753e-03  -7.8640499416596149e-02   5.5063284168682239e-02
 -4.4220333299433742e-02   5.8657942514673579e-03  -7.6452872923989140e-02   5.6472744261831201e-02
 -4.2394952802559532e-02   7.0144286439925178e-03  -7.4076825820048028e-02   5.7967926287468705e-02
 -4.0384572075393518e-02   8.2485780912388423e-03  -7.1485581315257826e-02   5.9558686493598259e-02
 -3.8173102661540434e-02   9.5707503440281075e-03  -6.8650769324108032e-02   6.1253550527507084e-02
 -3.5744083411910224e-02   1.0981829152156493e-02  -6.5543414132159999e-02   6.3058694347991565e-02
 -3.3081174677388400e-02   1.2480544170556581e-02  -6.2135745195280881e-02   6.4976562419761089e-02
 -3.0169004648999947e-02   1.4062923570362457e-02  -5.8404530758271414e-02   6.7003976311431457e-02
 -2.6994267447517380e-02   1.5721963631234286e-02  -5.4334730032021258e-02   6.9130756031599822e-02
 -2.3546521528181267e-02   1.7447830224878589e-02  -4.9921036990104778e-02   7.1340176009310322e-02
 -1.9818637251353192e-02   1.9228477032209250e-02  -4.5167313275267823e-02   7.3610869622409036e-02
 -1.5806704923584346e-02   2.1050540527523739e-02  -4.0083384218463254e-02   7.5919865677498005e-02
 -1.1509428331410325e-02   2.2900159262450186e-02  -3.4679751393259461e-02   7.8245765494648442e-02
 -6.9274757634726607e-03   2.4763294557738416e-02  -2.8962912092751342e-02   8.0570458486559471e-02
 -2.0631532350601119e-03   2.6625444667212776e-02  -2.2932827152042611e-02   8.2878948652287524e-02
  3.0793952949545881e-03   2.8470893922354173e-02  -1.6583664261586372e-02   8.5157436318904725e-02
  8.4923808404267446e-03   3.0281666001896454e-02  -9.9124255035968663e-03   8.7389135771086784e-02
  1.4162303408242191e-02   3.2037476713231379e-02  -2.9282315978925999e-03   8.9551941095715903e-02
  2.0069354129610799e-02   3.3716849169513716e-02   4.3463016882295223e-03   9.1620092791314167e-02
  2.6187360454721614e-02   3.5298630293389179e-02   1.1872580936291954e-02   9.3566006133894875e-02
  3.2483934187900992e-02   3.6763472833239837e-02   1.9609237328479391e-02   9.5365880469598929e-02
  3.8923399339877270e-02   3.8094323587044523e-02   2.7509437121306837e-02   9.6998665247681443e-02
  4.5457935212290655e-02   3.9277181089436092e-02   3.5490227369930114e-02   9.8443428227220187e-02
  5.2046355289646372e-02   4.0307134182740297e-02   4.3466374448423099e-02   9.9690498256900323e-02
  5.9012821717820324e-02   4.1231779466723240e-02   5.1780647164281240e-02   1.0079431510135804e-01
  6.5918855140724014e-02   4.1999631325478695e-02   5.9861342854090449e-02   1.0169306936432249e-01
  7.2701902511387806e-02   4.2630515844043169e-02   6.7614768971273928e-02   1.0241446914545213e-01
  7.9318346657438921e-02   4.3149481493529804e-02   7.4991081790257680e-02   1.0299323454068803e-01
  8.5728670740744736e-02   4.3581245481864220e-02   8.1964057689512121e-02   1.0346302642210087e-01
  9.1903973380550286e-02   4.3947858391253369e-02   8.8534886204291591e-02   1.0385319414357821e-01
  9.7823053682849853e-02   4.4266606845389397e-02   9.4724380060184549e-02   1.0418653860252843e-01
  1.0347211077649587e-01   4.4549224956971709e-02   1.0056789488733935e-01   1.0447889649010436e-01
  1.0884325048725035e-01   4.4801945947256283e-02   1.0610912808631424e-01   1.0473961836366480e-01
  1.1393317415746926e-01   4.5026240850936441e-02   1.1139426808828243e-01   1.0497249974981893e-01
  1.1874097672452279e-01   4.5220082838622715e-02   1.1646131838595952e-01   1.0517676018034521e-01
  1.2326661236645189e-01   4.5379822756387460e-02   1.2133234856242545e-01   1.0534863651434363e-01
  1.2751113027557942e-01   4.5501905673125148e-02   1.2601584854750469e-01   1.0548327055050757e-01
  1.3147709881653966e-01   4.5583945888787385e-02   1.3051118358104841e-01   1.0557617044962397e-01
  1.3516885000523413e-01   4.5625243975452492e-02   1.3481213994242522e-01   1.0562418361550856e-01
  1.3859257445803713e-01   4.5626884742370886e-02   1.3890989403592804e-01   1.0562604563888248e-01
  1.4175627110542907e-01   4.5591551069938431e-02   1.4279526812395918e-01   1.0558255443873936e-01
  1.4466958308649425e-01   4.5523174642303252e-02   1.4646033889692089e-01   1.0549644530205152e-01
  1.4734355235375404e-01   4.5426521483084403e-02   1.4989946474493551e-01   1.0537205769595520e-01
  1.4979032637168305e-01   4.5306783502218825e-02   1.5310982670008294e-01   1.0521488744124992e-01
  1.5202284651090059e-01   4.5169221293140181e-02   1.5609158989508451e-01   1.0503110672346772e-01
  1.5405454068897514e-01   4.5018881405222200e-02   1.5884776870154790e-01   1.0482711633336136e-01
  1.5589904720962630e-01   4.4860393561815731e-02   1.6138396978545375e-01   1.0460916446412952e-01
  1.5756999519412371e-01   4.4697837448990738e-02   1.6370822722834999e-01   1.0438302914252556e-01
  1.5908079610377490e-01   4.4534672172411284e-02   1.6583059442943457e-01   1.0415379848740286e-01
  1.6044445206689012e-01   4.4373725289395136e-02   1.6776249116727465e-01   1.0392577230480211e-01
  1.6167341409248256e-01   4.4217223092593433e-02   1.6951614711216961e-01   1.0370244427215962e-01
  1.6277948402707274e-01   4.4066845812680951e-02   1.7110415582241001e-01   1.0348653816715142e-01
  1.6377375275332545e-01   4.3923795580209472e-02   1.7253912563896689e-01   1.0328007779343154e-01
  1.6466656769947946e-01   4.3788868530580699e-02   1.7383341573189703e-01   1.0308447458322648e-01
  1.6546752336392720e-01   4.3662525317155303e-02   1.7499894391018384e-01   1.0290062135653183e-01
  1.6618546941467258e-01   4.3544956500721071e-02   1.7604705362516018e-01   1.0272898438713196e-01
  1.6682853176799206e-01   4.3436140903337410e-02   1.7698842842665879e-01   1.0256968891024473e-01
  1.6740414288193212e-01   4.3335896145129872e-02   1.7783304429814131e-01   1.0242259528504621e-01
  1.6791907817316745e-01   4.3243921346802314e-02   1.7859014916377489e-01   1.0228736504644959e-01
  1.6837949635375071e-01   4.3159832404460773e-02   1.7926826961436837e-01   1.0216351548339117e-01
  1.6879098100288703e-01   4.3083190691640308e-02   1.7987521307353921e-01   1.0205046805293558e-01
  1.6915858535594164e-01   4.3013525378312462e-02   1.8041815281942822e-01   1.0194757445467573e-01
  1.6948686524983922e-01   4.2950352873653189e-02   1.8090346346238093e-01   1.0185418369350216e-01
  1.6977995744364677e-01   4.2893183034172437e-02   1.8133747771694750e-01   1.0176952569514489e-01
