  2.1383502080989769e-01   5.7786738780866896e-02   2.0809416553476842e-01   5.8288744414087865e-02
  2.1386091016728215e-01   5.8612057065858446e-02   2.0809987810255029e-01   5.8470853330437937e-02
  2.1379472030538277e-01   5.9434497607979767e-02   2.0808523893798417e-01   5.8652671885012268e-02
  2.1363811066251975e-01   6.0241756635827107e-02   2.0805040909473277e-01   5.8832139618649630e-02
  2.1339482319420250e-01   6.1022191268133755e-02   2.0799581027579866e-01   5.9007225151129813e-02
  2.1307039738820968e-01   6.1765295710820178e-02   2.0792212161651719e-01   5.9175954959901279e-02
  2.1267177393679626e-01   6.2462029146746686e-02   2.0783027273887736e-01   5.9336441986497401e-02
  2.1220682558068438e-01   6.3105018692024020e-02   2.0772143309343236e-01   5.9486913776316298e-02
  2.1168400684435620e-01   6.3688471118898457e-02   2.0759699769535722e-01   5.9625739874801229e-02
  2.1111165310030494e-01   6.4208408857736016e-02   2.0745856945307795e-01   5.9751458239642063e-02
  2.1049905574537170e-01   6.4661362656662474e-02   2.0730793837687284e-01   5.9862800488030062e-02
  2.0985113356257584e-01   6.5047665136922839e-02   2.0714705803670455e-01   5.9958715884262784e-02
  2.0918784706498206e-01   6.5360620317228724e-02   2.0697801970968849e-01   6.0038394090774085e-02
  2.0847257422597140e-01   6.5616904085794445e-02   2.0680302471550821e-01   6.0101286860326619e-02
  2.0787120788627089e-01   6.5773387839297398e-02   2.0662435548154662e-01   6.0147129044449930e-02
  2.0759307556690770e-01   6.5831517647231858e-02   2.0644592078114310e-01   6.0184087714664061e-02
  2.0741184455446293e-01   6.5868919603516887e-02   2.0624581397938460e-01   6.0225356753353186e-02
  2.0717618953381053e-01   6.5917291134619874e-02   2.0602144060223870e-01   6.0271409108682832e-02
  2.0691983601031563e-01   6.5969628018700904e-02   2.0576990535524639e-01   6.0322762655129945e-02
  2.0663077761717658e-01   6.6028296117516413e-02   2.0548797976520677e-01   6.0379982916630812e-02
  2.0630747475560474e-01   6.6093489006438466e-02   2.0517206698800972e-01   6.0443685634014775e-02
  2.0594537914167035e-01   6.6165982668545759e-02   2.0481816370168532e-01   6.0514539109805691e-02
  2.0554012389626286e-01   6.6246479794214719e-02   2.0442181904951326e-01   6.0593266264238901e-02
  2.0508670549252467e-01   6.6335768099872502e-02   2.0397809065862346e-01   6.0680646342048047e-02
  2.0457962530611590e-01   6.6434683798628463e-02   2.0348149783781339e-01   6.0777516220314666e-02
  2.0401279719085508e-01   6.6544121093949221e-02   2.0292597215786706e-01   6.0884771282050693e-02
  2.0337950831578538e-01   6.6665030194407268e-02   2.0230480574298551e-01   6.1003365834364137e-02
  2.0267236443229386e-01   6.6798417617692937e-02   2.0161059775869250e-01   6.1134313056811773e-02
  2.0188323660818580e-01   6.6945345528757028e-02   2.0083519977650494e-01   6.1278684453202427e-02
  2.0100320599962454e-01   6.7106930873403997e-02   1.9996966093600976e-01   6.1437608731627014e-02
  2.0002250846038713e-01   6.7284343986628678e-02   1.9900417411743831e-01   6.1612269929307469e-02
  1.9893047989890597e-01   6.7478806380460943e-02   1.9792802468706028e-01   6.1803904399456447e-02
  1.9771550395721629e-01   6.7691587019530194e-02   1.9672954378542773e-01   6.2013795945053088e-02
  1.9636496394367647e-01   6.7923995876585250e-02   1.9539606859334771e-01   6.2243267864624398e-02
  1.9486520143933136e-01   6.8177372771068098e-02   1.9391391252931006e-01   6.2493669897462217e-02
  1.9320148452435582e-01   6.8453068360266961e-02   1.9226834890202540e-01   6.2766356933079595e-02
  1.9135798911946236e-01   6.8752412572080507e-02   1.9044361216214634e-01   6.3062654780601607e-02
  1.8931779768163159e-01   6.9076663598243424e-02   1.8842292157117496e-01   6.3383806170492454e-02
  1.8706291995637878e-01   6.9426927775000230e-02   1.8618853283937431e-01   6.3730887385801613e-02
  1.8457434362001768e-01   6.9804036846590409e-02   1.8372182471398069e-01   6.4104682456783191e-02
  1.8183217680644073e-01   7.0208363791289002e-02   1.8100344781408087e-01   6.4505501597356255e-02
  1.7881588840823295e-01   7.0639582408249635e-02   1.7801355782770636e-01   6.4932946395210328e-02
  1.7550457632835151e-01   7.1096369754606745e-02   1.7473209896274158e-01   6.5385616068324548e-02
  1.7187730695677850e-01   7.1576029200026842e-02   1.7113916229651058e-01   6.5860736433572681e-02
  1.6791355570530075e-01   7.2074024198660325e-02   1.6721543721679816e-01   6.6353704319337473e-02
  1.6359376170291709e-01   7.2583423429336602e-02   1.6294276714138478e-01   6.6857549257944029e-02
  1.5890001113236527e-01   7.3094270681153053e-02   1.5830481876813191e-01   6.7362327293843338e-02
  1.5381686088515514e-01   7.3592912649614289e-02   1.5328787043902503e-01   6.7854480977661724e-02
  1.4833230963715410e-01   7.4061345140812598e-02   1.4788171931277946e-01   6.8316225707298159e-02
  1.4243891720758239e-01   7.4476672998275290e-02   1.4208069844935831e-01   6.8725055115712017e-02
  1.3613505874626911e-01   7.4810820051051899e-02   1.3588478299059101e-01   6.9053495065272044e-02
  1.2942629383783963e-01   7.5030666880802344e-02   1.2930074831381366e-01   6.9269272321569111e-02
  1.2232671502384164e-01   7.5098822607415017e-02   1.2234328557020570e-01   6.9336084164386524e-02
  1.1485972890173470e-01   7.4975088171136794e-02   1.1503570343712100e-01   6.9215013353162561e-02
  1.0705853907892786e-01   7.4618462942626862e-02   1.0741027694879079e-01   6.8866445086546296e-02
  9.8966210131666940e-02   7.3989734596441911e-02   9.9508365852180078e-02   6.8252531783181761e-02
  9.0635975658398232e-02   7.3054671393525936e-02   9.1380031461043440e-02   6.7340145174466709e-02
  8.2128426739711380e-02   7.1787231620813186e-02   8.3083031054180648e-02   6.6104084645011663e-02
  7.3514857466112873e-02   7.0173702234717403e-02   7.4681141294914058e-02   6.4530191715861066e-02
  6.4861157000466060e-02   6.8212857049512396e-02   6.6241861540575153e-02   6.2617941150351131e-02
  5.6255354249232260e-02   6.5924488852159083e-02   5.7833673289937278e-02   6.0382076204988776e-02
  4.8219592192944284e-02   6.3487344444832686e-02   4.9983178992431800e-02   5.8001071525405623e-02
  4.0346133229633881e-02   6.0826991561062346e-02   4.2270660948093709e-02   5.5395083792456078e-02
  3.2668030646234358e-02   5.7985521118974911e-02   3.4740275846050647e-02   5.2608232882549073e-02
  2.5229033092183009e-02   5.5014769722316954e-02   2.7428884166230454e-02   4.9688412224197100e-02
  1.8054889344173028e-02   5.1961317245413058e-02   2.0366652507386122e-02   4.6682569285624080e-02
  1.1168232926297270e-02   4.8867468154902796e-02   1.3577972764532244e-02   4.3632720514587303e-02
  4.5848345852481515e-03   4.5769617606408637e-02   7.0811819716901517e-03   4.0575613498596487e-02
 -1.6857292884600249e-03   4.2696887480159089e-02   8.8896333608494058e-04   3.7541270462296043e-02
 -7.6397928915590014e-03   3.9669937112016773e-02  -4.9911920228063247e-03   3.4551896238419935e-02
 -1.3278838708163213e-02   3.6700510552722443e-02  -1.0556416307848145e-02   3.1621352628417664e-02
 -1.8606231625337793e-02   3.3793270552372350e-02  -1.5806061318335771e-02   2.8756557815125022e-02
 -2.3624058716407277e-02   3.0949511384746588e-02  -2.0739609190251959e-02   2.5960585661023324e-02
 -2.8332555803775569e-02   2.8170279515169368e-02  -2.5356435517070942e-02   2.3235491071392830e-02
 -3.2730558495211531e-02   2.5458780284196847e-02  -2.9656235903808462e-02   2.0584565521821880e-02
 -3.6816988005954808e-02   2.2821508200644120e-02  -3.3640121757586884e-02   1.8013499279505761e-02
 -4.0592972450720397e-02   2.0267787332967389e-02  -3.7312014054322273e-02   1.5530199239129979e-02
 -4.4063551617644470e-02   1.7808210686484308e-02  -4.0679605343645224e-02   1.3143627472471301e-02
 -4.7238413409373077e-02   1.5452728036516417e-02  -4.3754550097564494e-02   1.0862289563952014e-02
 -5.0131550363634592e-02   1.3209058690474829e-02  -4.6551897081214315e-02   8.6929197064063574e-03
 -5.2759723848396993e-02   1.1082245338996533e-02  -4.9088736244883212e-02   6.6400297926037825e-03
 -5.5141026419577813e-02   9.0748313242055394e-03  -5.1383074708080428e-02   4.7059381142701938e-03
 -5.7293958018558522e-02   7.1871602731409558e-03  -5.3453093515094863e-02   2.8909772216639627e-03
 -5.9236820373917198e-02   5.4177353106463766e-03  -5.5316658911183973e-02   1.1937841921003042e-03
 -6.0987329491824400e-02   3.7635819864471633e-03  -5.6991005873611250e-02  -3.8838459389486539e-04
 -6.2562373982391062e-02   2.2205883571220289e-03  -5.8492539939207500e-02  -1.8593478932021725e-03
 -6.3977873260028281e-02   7.8380743557520836e-04  -5.9836721023155931e-02  -3.2237213661693866e-03
 -6.5248703951354278e-02  -5.5228326404779642e-04  -6.1038004348976549e-02  -4.4866749329467324e-03
 -6.6388672986991581e-02  -1.7935652581208572e-03  -6.2109821186145761e-02  -5.6537279764740274e-03
 -6.7410522429534214e-02  -2.9461028566569337e-03  -6.3064587205232892e-02  -6.7305811525310592e-03
 -6.8325955605932326e-02  -4.0160028584892600e-03  -6.3913729762999791e-02  -7.7229816899264669e-03
 -6.9145677193829524e-02  -5.0093053257304673e-03  -6.4667727863227817e-02  -8.6366182069593615e-03
 -6.9879442057704980e-02  -5.9319005864127356e-03  -6.5336160254109085e-02  -9.4770408373590562e-03
 -7.0536109137153608e-02  -6.7894679156236207e-03  -6.5927758349957330e-02  -1.0249602590446662e-02
 -7.1123697779321454e-02  -7.5874318191627693e-03  -6.6450461555808971e-02  -1.0959418198882612e-02
 -7.1649444646647950e-02  -8.3309323054304978e-03  -6.6911473229413224e-02  -1.1611337127282836e-02
 -7.2119860064271499e-02  -9.0248062786276954e-03  -6.7317316004114378e-02  -1.2209927861238774e-02
 -7.2540782506113122e-02  -9.6735768160021596e-03  -6.7673885564358355e-02  -1.2759471030667250e-02
 -7.2917432420023853e-02  -1.0281450890062899e-02  -6.7986502244793551e-02  -1.3263959323038156e-02
 -7.3254458890832166e-02  -1.0852313788804430e-02  -6.8259960036468226e-02  -1.3727102500957487e-02
 -7.3556001273130903e-02  -1.1389756626559375e-02  -6.8498572745388606e-02  -1.4152336151666969e-02
 -7.3825688006278270e-02  -1.1896997219640559e-02  -6.8706217171343731e-02  -1.4542833064136574e-02
 -7.4066838128631268e-02  -1.2377192136319659e-02  -6.8886373267123685e-02  -1.4901516355680261e-02
 -7.4281991142462617e-02  -1.2832404811570403e-02  -6.9042161306684044e-02  -1.5231073658629133e-02
 -7.4474507568037140e-02  -1.3266984333597248e-02  -6.9176376140573897e-02  -1.5533971833141869e-02
 -7.4644270641421887e-02  -1.3677647430298555e-02  -6.9291518652083009e-02  -1.5812471799279290e-02
 -7.4797599732344275e-02  -1.4077312840845499e-02  -6.9389824551271087e-02  -1.6068643184292842e-02
 -7.4945116741499160e-02  -1.4496134765078758e-02  -6.9482122267871496e-02  -1.6330561195023262e-02
 -7.5088791062043442e-02  -1.4949061685039787e-02  -6.9566685179404592e-02  -1.6597022718162456e-02
 -7.5222801941603204e-02  -1.5431275186815101e-02  -6.9641460204306477e-02  -1.6865866890846192e-02
 -7.5343722707972419e-02  -1.5948218853984650e-02  -6.9704477508322343e-02  -1.7134954934159521e-02
 -7.5445906537380231e-02  -1.6502057902925842e-02  -6.9753878444536593e-02  -1.7402194079314807e-02
 -7.5522576412726986e-02  -1.7096880209831182e-02  -6.9787942057758331e-02  -1.7665560929197074e-02
 -7.5564839070859396e-02  -1.7736180138427485e-02  -6.9805109826425335e-02  -1.7923123917613283e-02
 -7.5561364801919981e-02  -1.8422615204264338e-02  -6.9804008341840335e-02  -1.8173064533368793e-02
 -7.5498197805508802e-02  -1.9156200252256398e-02  -6.9783469653722341e-02  -1.8413696988327781e-02
 -7.5359387650628648e-02  -1.9932110485951570e-02  -6.9742549042312363e-02  -1.8643486027898407e-02
 -7.5128890170727505e-02  -2.0738536836052712e-02  -6.9680540010234951e-02  -1.8861062608686037e-02
 -7.4794445959782352e-02  -2.1554382085361690e-02  -6.9596986321649457e-02  -1.9065237200919495e-02
 -7.4351340543577490e-02  -2.2352305265376130e-02  -6.9491690951629770e-02  -1.9255010512007037e-02
 -7.3808067286356582e-02  -2.3099201374548101e-02  -6.9364721844922803e-02  -1.9429581471362620e-02
 -7.3178229057556984e-02  -2.3773023662322118e-02  -6.9217308943891220e-02  -1.9587269154599126e-02
 -7.2481472057190729e-02  -2.4357038806806952e-02  -6.9050937610695237e-02  -1.9726610926235531e-02
 -7.1748788192044888e-02  -2.4837596984346608e-02  -6.8866438919012452e-02  -1.9847457546012779e-02
 -7.1007612133518860e-02  -2.5214961777691700e-02  -6.8664877326127777e-02  -1.9949886035786023e-02
 -7.0280479921310229e-02  -2.5497686466885869e-02  -6.8447540956764585e-02  -2.0034192740522157e-02
 -6.9581537909708363e-02  -2.5699503132033001e-02  -6.8215929134710265e-02  -2.0100883514715395e-02
 -6.8918170303194332e-02  -2.5835174702470213e-02  -6.7971737306142088e-02  -2.0150661220398415e-02
 -6.8292759066410622e-02  -2.5918322659860028e-02  -6.7716839528851158e-02  -2.0184410763778731e-02
 -6.7704693974854999e-02  -2.5960456834843007e-02  -6.7453268730064839e-02  -2.0203181933290404e-02
 -6.7152130345642227e-02  -2.5970848869998280e-02  -6.7183194961943110e-02  -2.0208170331733336e-02
 -6.6632293581588425e-02  -2.5956816659941921e-02  -6.6908901907744914e-02  -2.0200696718552045e-02
 -6.6144011227823762e-02  -2.5924184024889947e-02  -6.6632761912823704e-02  -2.0182185094754432e-02
 -6.5682683435240308e-02  -2.5877289624363614e-02  -6.6357209832735201e-02  -2.0154139872273609e-02
 -6.5253689180540725e-02  -2.5820650276319794e-02  -6.6084716005582758e-02  -2.0118122471755765e-02
 -6.4842643663704944e-02  -2.5755391885551929e-02  -6.5816756494195702e-02  -2.0075556224263956e-02
 -6.4418217725122601e-02  -2.5677476628937060e-02  -6.5523943515907471e-02  -2.0021789277132818e-02
 -6.3967257478380571e-02  -2.5583771862527842e-02  -6.5203836505505736e-02  -1.9955246189188557e-02
 -6.3492803655605279e-02  -2.5473929666812920e-02  -6.4853752149007862e-02  -1.9874175373625534e-02
 -6.2990174809434182e-02  -2.5345956055118024e-02  -6.4470741993854191e-02  -1.9776633855946576e-02
 -6.2456939894025038e-02  -2.5198213835130618e-02  -6.4051568526813429e-02  -1.9660471653586163e-02
 -6.1889496223054861e-02  -2.5028640272898556e-02  -6.3592679755138173e-02  -1.9523316049766416e-02
 -6.1284102846116753e-02  -2.4834987554696077e-02  -6.3090182371889306e-02  -1.9362556130516281e-02
 -6.0636549768022178e-02  -2.4614722851441367e-02  -6.2539813643711889e-02  -1.9175328072124471e-02
 -5.9942222331713119e-02  -2.4365038700698196e-02  -6.1936912230584909e-02  -1.8958501809757364e-02
 -5.9196053872497476e-02  -2.4082833814161184e-02  -6.1276388234034716e-02  -1.8708669889421565e-02
 -5.8392508355013084e-02  -2.3764707408902307e-02  -6.0552692874589094e-02  -1.8422139506933305e-02
 -5.7525554885451947e-02  -2.3406955879919929e-02  -5.9759788321879101e-02  -1.8094928969472634e-02
 -5.6588644993693489e-02  -2.3005576661321671e-02  -5.8891118341728499e-02  -1.7722770075106937e-02
 -5.5574690725771023e-02  -2.2556279925969105e-02  -5.7939580581984021e-02  -1.7301118185951373e-02
 -5.4476045178309049e-02  -2.2054510282580750e-02  -5.6897501488066618e-02  -1.6825172056217821e-02
 -5.3284486360261153e-02  -2.1495480528683414e-02  -5.5756615011241392e-02  -1.6289905740173700e-02
 -5.1991205597454425e-02  -2.0874219765221396e-02  -5.4508046431823366e-02  -1.5690115101905044e-02
 -5.0586801654057580e-02  -2.0185638149730890e-02  -5.3142302740703661e-02  -1.5020481507196612e-02
 -4.9061281634627356e-02  -1.9424610287446416e-02  -5.1649271066283232e-02  -1.4275655087854677e-02
 -4.7404069368572603e-02  -1.8586078519478667e-02  -5.0018226540144588e-02  -1.3450359365544715e-02
 -4.5604021249837222e-02  -1.7665175917092588e-02  -4.8237850673656796e-02  -1.2539517763061290e-02
 -4.3649448206367195e-02  -1.6657366263589712e-02  -4.6296260635477454e-02  -1.1538400263422026e-02
 -4.1528140267262058e-02  -1.5558594153391251e-02  -4.4181048577926138e-02  -1.0442784692418846e-02
 -3.9227386715864503e-02  -1.4365431845425995e-02  -4.1879328060789145e-02  -9.2491210604125802e-03
 -3.6733978958161904e-02  -1.3075199333613919e-02  -3.9377781208457321e-02  -7.9546780118051504e-03
 -3.4034175055942140e-02  -1.1686019081977986e-02  -3.6662694781946358e-02  -6.5576360038750994e-03
 -3.1113587914278554e-02  -1.0196741668494751e-02  -3.3719964599545557e-02  -5.0570695466311492e-03
 -2.7956944233893978e-02  -8.6066449135977496e-03  -3.0535033304278730e-02  -3.4527254641953820e-03
 -2.4547594332702191e-02  -6.9147317925721619e-03  -2.7092705149409722e-02  -1.7444474796505184e-03
 -2.0867297690981342e-02  -5.1187720410089451e-03  -2.3377070485332788e-02   6.8758148445247625e-05
 -1.6897498753181629e-02  -3.2148934861850444e-03  -1.9372459892094396e-02   1.9893352085051602e-03
 -1.2621617387917082e-02  -1.1977971949207840e-03  -1.5065137396839507e-02   4.0212677511937082e-03
 -8.0279968638105673e-03   9.3826091252493821e-04  -1.0445501936797908e-02   6.1694269553729175e-03
 -3.1127134662863099e-03   3.1977202443189681e-03  -5.5102161321276414e-03   8.4380837730304078e-03
  2.1188583654728125e-03   5.5815731125134762e-03  -2.6345715339709329e-04   1.0828858288136858e-02
  7.6519922153661761e-03   8.0851381772471202e-03   5.2829749975287837e-03   1.3338440602137134e-02
  1.3463855135497308e-02   1.0696067212077755e-02   1.1110511394527445e-02   1.5956409613728361e-02
  1.9527264831530916e-02   1.3394057531267892e-02   1.7196446261788206e-02   1.8664419353828829e-02
  2.5813859143367205e-02   1.6152026146350515e-02   2.3516262339743157e-02   2.1436955462220488e-02
  3.2294583005441468e-02   1.8937063642027463e-02   3.0043914927294569e-02   2.4242148198165645e-02
  3.8939473311916502e-02   2.1711599101167114e-02   3.6752096188604581e-02   2.7043091412535195e-02
  4.5720344750522286e-02   2.4436544988412301e-02   4.3612512384835919e-02   2.9799983406435790e-02
  5.2607189227289103e-02   2.7074258538375282e-02   5.0595562395363926e-02   3.2474516535438383e-02
  5.9575362709319783e-02   2.9592352772933896e-02   5.7671338665471965e-02   3.5031481507043313e-02
  6.6588261054341347e-02   3.1958358387538841e-02   6.4810497328618669e-02   3.7440053844354178e-02
  7.4050378868543723e-02   3.4278241653992639e-02   7.2408745444980410e-02   3.9802231937148928e-02
  8.1503959766687159e-02   3.6385087537236793e-02   8.0010621824543868e-02   4.1950999029195725e-02
  8.8926160200675952e-02   3.8273046830820376e-02   8.7578973171412069e-02   4.3876127773832756e-02
  9.6277655952409849e-02   3.9940468736282028e-02   9.5074867871871194e-02   4.5576312043106609e-02
  1.0352413665883874e-01   4.1394799742989617e-02   1.0245818310596520e-01   4.7058117848913172e-02
  1.1062768138018120e-01   4.2648862101647943e-02   1.0968854769945605e-01   4.8334586055155795e-02
  1.1755144786913597e-01   4.3720193482050640e-02   1.1672657470744431e-01   4.9423614666996227e-02
  1.2425979850735382e-01   4.4629224521125187e-02   1.2353523599769950e-01   5.0346255054135196e-02
  1.3072010909641796e-01   4.5397824877783814e-02   1.3008119683332806e-01   5.1125059818471916e-02
  1.3690385892058704e-01   4.6047897823446031e-02   1.3633593140228242e-01   5.1782606820397634e-02
  1.4278737031553143e-01   4.6600180911593854e-02   1.4227638981870405e-01   5.2340244315218186e-02
  1.4835229641984882e-01   4.7073254700433241e-02   1.4788543719481864e-01   5.2817074980505516e-02
  1.5358611388794216e-01   4.7482957462091344e-02   1.5315213502386471e-01   5.3229355576675762e-02
  1.5848218631091976e-01   4.7842202590502328e-02   1.5807160256621980e-01   5.3590319667802817e-02
  1.6303943161535794e-01   4.8161099684016065e-02   1.6264453661036393e-01   5.3910315881098590e-02
  1.6726172484947827e-01   4.8447274354806405e-02   1.6687650895857509e-01   5.4197147193675188e-02
  1.7115714785017214e-01   4.8706290259286800e-02   1.7077714784532380e-01   5.4456510163088792e-02
  1.7473717881130538e-01   4.8942096833291517e-02   1.7435928856014787e-01   5.4692455770248879e-02
  1.7801589074334165e-01   4.9157449588998335e-02   1.7763815562453772e-01   5.4907818718522759e-02
  1.8100920566772058e-01   4.9354271859444999e-02   1.8063061751709975e-01   5.5104584890748147e-02
  1.8373423302862671e-01   4.9533944749491410e-02   1.8335453698578599e-01   5.5284184732380511e-02
  1.8620870366220729e-01   4.9697524597540912e-02   1.8582822610134808e-01   5.5447712922408882e-02
  1.8845051739066243e-01   4.9845896514248651e-02   1.8807001112320773e-01   5.5596082939591139e-02
  1.9047742609133123e-01   4.9979883371957821e-02   1.9009790870811316e-01   5.5730135149193373e-02
  1.9230675940800493e-01   5.0100317659334578e-02   1.9192935979254089e-01   5.5850708817857003e-02
  1.9395518418369134e-01   5.0208071628693257e-02   1.9358102893277465e-01   5.5958674796533721e-02
  1.9543853953702592e-01   5.0304059621639544e-02   1.9506867366560171e-01   5.6054940265760141e-02
  1.9677173331612596e-01   5.0389225050662796e-02   1.9640706880205108e-01   5.6140437856492524e-02
  1.9796868593606848e-01   5.0464520620448448e-02   1.9760997246570530e-01   5.6216107670293503e-02
  1.9904231019569099e-01   5.0530887327373548e-02   1.9869012311381293e-01   5.6282877696378311e-02
  2.0000451778885345e-01   5.0589235490388025e-02   1.9965925894798819e-01   5.6341645878961642e-02
  2.0086624514094817e-01   5.0640429454796576e-02   2.0052815297773821e-01   5.6393265506253398e-02
  2.0163749278157189e-01   5.0685276531941242e-02   2.0130665853893048e-01   5.6438534534991446e-02
  2.0232737377212082e-01   5.0724520065980237e-02   2.0200376131405509e-01   5.6478188801904299e-02
  2.0294416766904563e-01   5.0758836135597764e-02   2.0262763488967098e-01   5.6512898695680568e-02
  2.0349537758319708e-01   5.0788833237116665e-02   2.0318569766115965e-01   5.6543268682201803e-02
  2.0398778739959364e-01   5.0815054191628295e-02   2.0368466949633166e-01   5.6569839025354694e-02
  2.0442752148798277e-01   5.0837979813608450e-02   2.0413062703274873e-01   5.6593089076534445e-02
  2.0482008969847307e-01   5.0858032924560433e-02   2.0452905683779357e-01   5.6613441582489946e-02
  2.0517048442687139e-01   5.0875585681567838e-02   2.0488490592872963e-01   5.6631267558388723e-02
  2.0548304591865194e-01   5.0890955698970751e-02   2.0520262935076666e-01   5.6646891373925846e-02
  2.0576228390997103e-01   5.0904449013907747e-02   2.0548623465940499e-01   5.6660595794265876e-02
  2.0600967019191624e-01   5.0916209381379501e-02   2.0573932326112479e-01   5.6672626798730065e-02
  2.0623730087836736e-01   5.0926866663161180e-02   2.0596512864351529e-01   5.6683198066089693e-02
  2.0641056837156707e-01   5.0934901406400120e-02   2.0616655157983005e-01   5.6692495066178107e-02
  2.0668501164702244e-01   5.0947885458145437e-02   2.0634619242963056e-01   5.6700678734779950e-02
  2.0729873807950788e-01   5.1006418855993538e-02   2.0652749674036155e-01   5.6717339599845359e-02
  2.0804149705455147e-01   5.1144798895691283e-02   2.0670802104245414e-01   5.6751158737061290e-02
  2.0874094868425416e-01   5.1346332150364826e-02   2.0688557383249476e-01   5.6802247573575132e-02
  2.0943630107900146e-01   5.1621335641238143e-02   2.0705799208120626e-01   5.6870437969900801e-02
  2.1010695622288306e-01   5.1965989908690863e-02   2.0722316742403435e-01   5.6955297587056662e-02
  2.1074858821231096e-01   5.2381128088844889e-02   2.0737907169329881e-01   5.7056145455001886e-02
  2.1135212919000043e-01   5.2864727534557225e-02   2.0752378164879598e-01   5.7172068251231396e-02
  2.1190949668836873e-01   5.3414397995604643e-02   2.0765550274413463e-01   5.7301937637612793e-02
  2.1241220183589010e-01   5.4026323099887773e-02   2.0777259174152396e-01   5.7444428879120067e-02
  2.1285192748562981e-01   5.4695375726357645e-02   2.0787357795971240e-01   5.7598040871282778e-02
  2.1322070609699628e-01   5.5414896704120906e-02   2.0795718291088913e-01   5.7761117626173593e-02
  2.1351129806122315e-01   5.6176665515814302e-02   2.0802233805591513e-01   5.7931871203445874e-02
  2.1371759263243573e-01   5.6970954392902569e-02   2.0806820038684315e-01   5.8108406018776773e-02
  2.1383502080989769e-01   5.7786738780866896e-02   2.0809416553476842e-01   5.8288744414087865e-02
