  1.7839759341338693e-01   3.5832802676546309e-02   1.7368424163541532e-01   3.6245163385157771e-02
  1.7841933218259381e-01   3.6498822477402201e-02   1.7368912320058769e-01   3.6394662391653371e-02
  1.7836823217576886e-01   3.7163723357272770e-02   1.7367765280537689e-01   3.6543891519620071e-02
  1.7824508992415633e-01   3.7818247719913926e-02   1.7364994069568315e-01   3.6691158590795449e-02
  1.7805218289876601e-01   3.8453411321343160e-02   1.7360630789363263e-01   3.6834794079483653e-02
  1.7779315287159778e-01   3.9060835493658880e-02   1.7354728436608097e-01   3.6973174848157521e-02
  1.7747280481275604e-01   3.9633012122506188e-02   1.7347360415004395e-01   3.7104747817438805e-02
  1.7709682967369333e-01   4.0163514894743783e-02   1.7338619741983602e-01   3.7228053327366617e-02
  1.7667159070554725e-01   4.0647004019513863e-02   1.7328617954803990e-01   3.7341747958096014e-02
  1.7620358507376388e-01   4.1079514931799038e-02   1.7317483728249816e-01   3.7444626604241006e-02
  1.7570032843093891e-01   4.1457456958790641e-02   1.7305361223192803e-01   3.7535643641100978e-02
  1.7516592609097195e-01   4.1780449743925328e-02   1.7292408192118205e-01   3.7613933086657100e-02
  1.7461715280207543e-01   4.2042278483018995e-02   1.7278793874144177e-01   3.7678827754834401e-02
  1.7402372537706090e-01   4.2256494709947197e-02   1.7264696717890290e-01   3.7729877518189167e-02
  1.7352470482769594e-01   4.2386594866216508e-02   1.7250301975633234e-01   3.7766866957360049e-02
  1.7329566968454510e-01   4.2434274232223179e-02   1.7235924755031434e-01   3.7796511848978726e-02
  1.7314819333940110e-01   4.2464504399925364e-02   1.7219798716907075e-01   3.7829546517616108e-02
  1.7295552656258864e-01   4.2503687660644246e-02   1.7201713831400564e-01   3.7866322694218170e-02
  1.7274600113059441e-01   4.2545943323098662e-02   1.7181435547845314e-01   3.7907219067900816e-02
  1.7250956190774297e-01   4.2593184241839312e-02   1.7158702117018951e-01   3.7952640639580100e-02
  1.7224495282548877e-01   4.2645499080988955e-02   1.7133221670636953e-01   3.8003017081694859e-02
  1.7194838012523225e-01   4.2703439945632110e-02   1.7104669050166599e-01   3.8058799791683959e-02
  1.7161619995558061e-01   4.2767470968032809e-02   1.7072682381521728e-01   3.8120457258362161e-02
  1.7124422567672209e-01   4.2838091437655906e-02   1.7036859398539611e-01   3.8188468283242190e-02
  1.7082784649372773e-01   4.2915794748446194e-02   1.6996753526854322e-01   3.8263312514978116e-02
  1.7036194807128097e-01   4.3001062337441276e-02   1.6951869751486137e-01   3.8345457668226696e-02
  1.6984087917627863e-01   4.3094344242763261e-02   1.6901660306901711e-01   3.8435342714977248e-02
  1.6925840630239483e-01   4.3196036822947551e-02   1.6845520248325505e-01   3.8533356267533764e-02
  1.6860767155119372e-01   4.3306454094160111e-02   1.6782782988678424e-01   3.8639809334231882e-02
  1.6788115175687585e-01   4.3425792516410412e-02   1.6712715917763057e-01   3.8754901645563861e-02
  1.6707062157496849e-01   4.3554088388261337e-02   1.6634516260334545e-01   3.8878680853360638e-02
  1.6616712276685996e-01   4.3691167469577089e-02   1.6547307378572823e-01   3.9010994144933586e-02
  1.6516094281249202e-01   4.3836586886796841e-02   1.6450135783058956e-01   3.9151432248093518e-02
  1.6404160666591538e-01   4.3989570155236239e-02   1.6341969184982588e-01   3.9299266508515389e-02
  1.6279788631169723e-01   4.4148937303404155e-02   1.6221696000313360e-01   3.9453380791026393e-02
  1.6141783363727144e-01   4.4313033728709268e-02   1.6088126801760841e-01   3.9612201496783711e-02
  1.5988884300549353e-01   4.4479663645784089e-02   1.5939998301742650e-01   3.9773631107755725e-02
  1.5819775055840646e-01   4.4646036901442192e-02   1.5775980530986566e-01   3.9934993461163262e-02
  1.5633097786954686e-01   4.4808741504660063e-02   1.5594687939977631e-01   4.0093002463700046e-02
  1.5427472617522794e-01   4.4963758420937805e-02   1.5394695133862046e-01   4.0243770074193559e-02
  1.5201518712026682e-01   4.5106537182771335e-02   1.5174556522405108e-01   4.0382870135868519e-02
  1.4953876407854505e-01   4.5232135110053674e-02   1.4932828876419296e-01   4.0505463291642438e-02
  1.4683235080098828e-01   4.5335426655636529e-02   1.4668099450948133e-01   4.0606492567500409e-02
  1.4388364134171960e-01   4.5411392954534252e-02   1.4379018438175553e-01   4.0680960402055689e-02
  1.4068144366374855e-01   4.5455485366908216e-02   1.4064334180112761e-01   4.0724283132277002e-02
  1.3721597385174530e-01   4.5464038627143613e-02   1.3722929324873723e-01   4.0732701719822559e-02
  1.3347910059167778e-01   4.5434686795774837e-02   1.3353855493937752e-01   4.0703704707724386e-02
  1.2946450563739784e-01   4.5366708875768234e-02   1.2956363539567700e-01   4.0636391800990046e-02
  1.2516772679826926e-01   4.5261204005426013e-02   1.2529926268702821e-01   4.0531677110811397e-02
  1.2058605117233803e-01   4.5120972964155230e-02   1.2074250791293401e-01   4.0392204876668100e-02
  1.1571825433427535e-01   4.4949968873240230e-02   1.1589278640806552e-01   4.0221833417044724e-02
  1.1056415508160201e-01   4.4752176387699294e-02   1.1075173682712136e-01   4.0024540675669178e-02
  1.0512436551535277e-01   4.4529832956653623e-02   1.0532313762714778e-01   3.9802654518675304e-02
  9.9401869785940497e-02   4.4281478141690721e-02   9.9613981642160287e-02   3.9554879481198638e-02
  9.3404296692133376e-02   4.4000626706199017e-02   9.3636057511013920e-02   3.9274950748227885e-02
  8.7145280074809595e-02   4.3674988531542641e-02   8.7407008890658278e-02   3.8950877571386329e-02
  8.0646007312049434e-02   4.3286397747204268e-02   8.0951273877330282e-02   3.8564900245241972e-02
  7.3935552239295307e-02   4.2811623693189867e-02   7.4300788650338859e-02   3.8094386291811534e-02
  6.7053886863810835e-02   4.2224518814302787e-02   6.7495278712413176e-02   3.7513797046579506e-02
  6.0045232542128520e-02   4.1498504012100063e-02   6.0581979967382828e-02   3.6797692535514619e-02
  5.2973324748063155e-02   4.0612209814370734e-02   5.3614671257465385e-02   3.5924523712273865e-02
  4.6283587254404991e-02   3.9614146298275608e-02   4.7039228723788427e-02   3.4943521896050288e-02
  3.9647505790339828e-02   3.8458171559305657e-02   4.0517122396642347e-02   3.3807419652897679e-02
  3.3107153483111253e-02   3.7148817857939914e-02   3.4094821324640610e-02   3.2521697957643043e-02
  2.6711483573740809e-02   3.5700029022643368e-02   2.7814442946822265e-02   3.1099028375148705e-02
  2.0496994963700738e-02   3.4129088062518506e-02   2.1713073635580685e-02   2.9556683990182676e-02
  1.4496812040670399e-02   3.2455771385476076e-02   1.5822510737716282e-02   2.7913938132089793e-02
  8.7376737361570950e-03   3.0701813642364458e-02   1.0168641165084922e-02   2.6192039972404706e-02
  3.2398001516969381e-03   2.8889361783533182e-02   4.7713694308872401e-03   2.4412753482603217e-02
 -1.9830514601896958e-03   2.7039393518208946e-02  -3.5520015232409969e-04   2.2596891243995141e-02
 -6.9229693590704662e-03   2.5170551090496155e-02  -5.2023213488735023e-03   2.0763159939041612e-02
 -1.1575787342551850e-02   2.3299153043726008e-02  -9.7650310804393049e-03   1.8928010390353234e-02
 -1.5939247734409467e-02   2.1440223940219907e-02  -1.4040865457305342e-02   1.7106418330032534e-02
 -2.0012788236709909e-02   1.9608236886579353e-02  -1.8029688902371881e-02   1.5312536318911416e-02
 -2.3797856549229279e-02   1.7817396762922742e-02  -2.1733834975251300e-02   1.3559986601913111e-02
 -2.7298546267804733e-02   1.6081324135839722e-02  -2.5158431884219824e-02   1.1861651546397794e-02
 -3.0522190797528423e-02   1.4412247563340249e-02  -2.8311634987379597e-02   1.0229046713855270e-02
 -3.3479445352741777e-02   1.2820123919019084e-02  -3.1204467896752124e-02   8.6716056399640876e-03
 -3.6183832714249665e-02   1.1312035811917108e-02  -3.3850290465208863e-02   7.1961754026155277e-03
 -3.8650941235078534e-02   9.8920034355635660e-03  -3.6264057577904761e-02   5.8068458199957993e-03
 -4.0897326217982102e-02   8.5613228093590343e-03  -3.8461414495712241e-02   4.5052088540783308e-03
 -4.2939662835668295e-02   7.3191184659380307e-03  -4.0458046307105859e-02   3.2908054515261298e-03
 -4.4794250252825588e-02   6.1628781760208109e-03  -4.2269282662313494e-02   2.1615952562839265e-03
 -4.6476720058361586e-02   5.0889288192667520e-03  -4.3909860456979144e-02   1.1143900883313817e-03
 -4.8001873785050747e-02   4.0928328971482492e-03  -4.5393786060720406e-02   1.4522542437287811e-04
 -4.9383600677257555e-02   3.1697046014791462e-03  -4.6734261527497607e-02  -7.5033728687661687e-04
 -5.0634846556360635e-02   2.3144520132619027e-03  -4.7943652540346243e-02  -1.5769746024001370e-03
 -5.1767615080652925e-02   1.5219560021551442e-03  -4.9033483840753130e-02  -2.3394236346998710e-03
 -5.2792989461363245e-02   7.8719726812986543e-04  -5.0014452815401275e-02  -3.0423536773415459e-03
 -5.3721166809664406e-02   1.0534242220476249e-04  -5.0896455011056843e-02  -3.6902773679904806e-03
 -5.4561499945854790e-02  -5.2820129831138976e-04  -5.1688617340595377e-02  -4.2874927040569537e-03
 -5.5322543220854642e-02  -1.1177546330172206e-03  -5.2399336051332186e-02  -4.8380484629407536e-03
 -5.6012100044467432e-02  -1.6673517146884348e-03  -5.3036317403245360e-02  -5.3457269007068462e-03
 -5.6637270583952445e-02  -2.1807371857938281e-03  -5.3606619603197486e-02  -5.8140388481614869e-03
 -5.7204498638451146e-02  -2.6613711052549459e-03  -5.4116694957552260e-02  -6.2462274155053125e-03
 -5.7719617023226963e-02  -3.1124386825686734e-03  -5.4572431500326569e-02  -6.6452774308503916e-03
 -5.8187891224022542e-02  -3.5368628065313703e-03  -5.4979193566396412e-02  -7.0139284773030877e-03
 -5.8614060653067422e-02  -3.9373173970316507e-03  -5.5341860934976915e-02  -7.3546899757597822e-03
 -5.9002379295675395e-02  -4.3162422586313469e-03  -5.5664866284658956e-02  -7.6698572094285530e-03
 -5.9356649035828310e-02  -4.6758521400650146e-03  -5.5952230789126603e-02  -7.9615275254978218e-03
 -5.9680270409454929e-02  -5.0181646402183405e-03  -5.6207597750003870e-02  -8.2316162015796876e-03
 -5.9976223123735170e-02  -5.3449538258392775e-03  -5.6434264215347633e-02  -8.4818716488318981e-03
 -6.0247281988329127e-02  -5.6579665852244171e-03  -5.6635210572744475e-02  -8.7138897559914507e-03
 -6.0495441542390262e-02  -5.9582192752554997e-03  -5.6813128137341601e-02  -8.9291272717968787e-03
 -6.0723837207494483e-02  -6.2483288968708996e-03  -5.6970444779290551e-02  -9.1289141875394407e-03
 -6.0931404237773927e-02  -6.5256271144321113e-03  -5.7109348653382214e-02  -9.3144651245601097e-03
 -6.1125376812858324e-02  -6.7987929148468490e-03  -5.7231810107163709e-02  -9.4868897593115304e-03
 -6.1319399263318163e-02  -7.0883614859313764e-03  -5.7351265972024036e-02  -9.6651122537468864e-03
 -6.1518054460196911e-02  -7.4056234332341639e-03  -5.7466229005586157e-02  -9.8486618738410515e-03
 -6.1715914370051118e-02  -7.7480416415297466e-03  -5.7574774336635166e-02  -1.0036422195667173e-02
 -6.1911420024809503e-02  -8.1204502544777214e-03  -5.7675031152586292e-02  -1.0227280969133728e-02
 -6.2100626674499899e-02  -8.5254455983241120e-03  -5.7765207287907211e-02  -1.0420139525920561e-02
 -6.2279129809979086e-02  -8.9671317040013812e-03  -5.7843613027088792e-02  -1.0613921674098699e-02
 -6.2440891796978704e-02  -9.4493414595556470e-03  -5.7908683846082720e-02  -1.0807582022471425e-02
 -6.2578086419940532e-02  -9.9755241100503433e-03  -5.7959001822693840e-02  -1.1000113696369150e-02
 -6.2680771504109514e-02  -1.0547529668927632e-02  -5.7993315454553315e-02  -1.1190555422994779e-02
 -6.2737076949737472e-02  -1.1164125377411353e-02  -5.8010557633385071e-02  -1.1377997977484886e-02
 -6.2734181726083985e-02  -1.1819514564056241e-02  -5.8009861536790150e-02  -1.1561589989916358e-02
 -6.2660350980311197e-02  -1.2501405321181245e-02  -5.7990574214240316e-02  -1.1740543118164758e-02
 -6.2507574940074487e-02  -1.3192769434912443e-02  -5.7952267662907397e-02  -1.1914136591793243e-02
 -6.2274907255459110e-02  -1.3870554359542925e-02  -5.7894747211805112e-02  -1.2081721128385924e-02
 -6.1965930790576537e-02  -1.4518601460345134e-02  -5.7818493183390843e-02  -1.2241654462407686e-02
 -6.1588601672138962e-02  -1.5122275221318099e-02  -5.7724222666945421e-02  -1.2392384886316719e-02
 -6.1159333029406029e-02  -1.5664881070759987e-02  -5.7612448249204716e-02  -1.2533533965616446e-02
 -6.0695787836427810e-02  -1.6138958376871411e-02  -5.7483910589932158e-02  -1.2664829580992062e-02
 -6.0215280591406441e-02  -1.6543235601447760e-02  -5.7339571802589001e-02  -1.2786105673053917e-02
 -5.9731468527392473e-02  -1.6882125327592343e-02  -5.7180605816330804e-02  -1.2897300894040760e-02
 -5.9254112778800730e-02  -1.7162881270369752e-02  -5.7008385822264536e-02  -1.2998456127135547e-02
 -5.8789353310845380e-02  -1.7393773550861913e-02  -5.6824468956229050e-02  -1.3089710841061024e-02
 -5.8340604680268381e-02  -1.7582821411512243e-02  -5.6630578417265348e-02  -1.3171298259951725e-02
 -5.7909673677971882e-02  -1.7737101131834104e-02  -5.6428583264063290e-02  -1.3243539346040716e-02
 -5.7496940598407556e-02  -1.7862750989392467e-02  -5.6220476169811580e-02  -1.3306835614910216e-02
 -5.7103567864067548e-02  -1.7964510268001093e-02  -5.6008349448069629e-02  -1.3361660828993385e-02
 -5.6727224413158514e-02  -1.8047032903305258e-02  -5.5794369687822046e-02  -1.3408551643417277e-02
 -5.6374047149818717e-02  -1.8112473805957433e-02  -5.5580751354358526e-02  -1.3448097307665323e-02
 -5.6032197839447899e-02  -1.8165676824193223e-02  -5.5368934499962226e-02  -1.3481041504404831e-02
 -5.5677113660171043e-02  -1.8211226173422468e-02  -5.5135677349418599e-02  -1.3510952451785251e-02
 -5.5296803759684397e-02  -1.8249913216907335e-02  -5.4878740477197319e-02  -1.3537063820973839e-02
 -5.4894119093715096e-02  -1.8280429366532038e-02  -5.4595654260230046e-02  -1.3558497020544083e-02
 -5.4464766489374268e-02  -1.8302136808372983e-02  -5.4283697790436354e-02  -1.3574247166769710e-02
 -5.4006551281429380e-02  -1.8314053469060020e-02  -5.3939876591883290e-02  -1.3583167629950340e-02
 -5.3516167694897088e-02  -1.8315097317556595e-02  -5.3560899281801452e-02  -1.3583953119580001e-02
 -5.2990177506075979e-02  -1.8304003290792067e-02  -5.3143153386550741e-02  -1.3575121317544316e-02
 -5.2424693632066054e-02  -1.8279309919203283e-02  -5.2682680612189697e-02  -1.3554993137381677e-02
 -5.1815445107462429e-02  -1.8239334057635961e-02  -5.2175151976499558e-02  -1.3521671786417083e-02
 -5.1157735380070894e-02  -1.8182146494606821e-02  -5.1615843336646573e-02  -1.3473020945522720e-02
 -5.0446432284813970e-02  -1.8105548670486690e-02  -5.0999611994783804e-02  -1.3406642569552955e-02
 -4.9675952532938085e-02  -1.8007050498517283e-02  -5.0320875232055473e-02  -1.3319855063176686e-02
 -4.8840251970300126e-02  -1.7883850814223050e-02  -4.9573591806810959e-02  -1.3209672916335459e-02
 -4.7932820085682490e-02  -1.7732821779798139e-02  -4.8751247649454002e-02  -1.3072789305686656e-02
 -4.6946680912312778e-02  -1.7550499327624081e-02  -4.7846847184124242e-02  -1.2905563696207042e-02
 -4.5874401733791745e-02  -1.7333082273400913e-02  -4.6852911890606586e-02  -1.2704017118326428e-02
 -4.4708111355648394e-02  -1.7076443479659153e-02  -4.5761487865477415e-02  -1.2463838546928082e-02
 -4.3439529652814814e-02  -1.6776157229492238e-02  -4.4564164217217976e-02  -1.2180406645151930e-02
 -4.2060009968944795e-02  -1.6427547751867985e-02  -4.3252104091663454e-02  -1.1848831999662550e-02
 -4.0560595551006086e-02  -1.6025764482583995e-02  -4.1816089911919499e-02  -1.1464025751943101e-02
 -3.8932090463827937e-02  -1.5565889937979792e-02  -4.0246583949276597e-02  -1.1020801026459182e-02
 -3.7165144179254976e-02  -1.5043085681769958e-02  -3.8533804504328632e-02  -1.0514013453213225e-02
 -3.5250347005285294e-02  -1.4452780253483186e-02  -3.6667816601841451e-02  -9.9387458850103989e-03
 -3.3178330359307860e-02  -1.3790899340242042e-02  -3.4638633924325035e-02  -9.2905393729824544e-03
 -3.0939860699256652e-02  -1.3054131706273729e-02  -3.2436325285794460e-02  -8.5656664810377352e-03
 -2.8525908142384496e-02  -1.2240212968650226e-02  -3.0051113499289246e-02  -7.7614324475503557e-03
 -2.5927655799430707e-02  -1.1348189855689184e-02  -2.7473445575978448e-02  -6.8764720310008831e-03
 -2.3136397139217099e-02  -1.0378598476356790e-02  -2.4693997991429031e-02  -5.9109809992104727e-03
 -2.0143212203673135e-02  -9.3334349855903904e-03  -2.1703555229462355e-02  -4.8667744904569718e-03
 -1.6938587148052339e-02  -8.2158707165455921e-03  -1.8492813044585867e-02  -3.7470780161108163e-03
 -1.3512545177104006e-02  -7.0299418605214142e-03  -1.5052529720463094e-02  -2.5562214911722435e-03
 -9.8552572713161736e-03  -5.7803068588827000e-03  -1.1374014076628525e-02  -1.2993355240902087e-03
 -5.9582253676497433e-03  -4.4722291975510357e-03  -7.4500306854962646e-03   1.7786752371571757e-05
 -1.8158715673605727e-03  -3.1119068057742743e-03  -3.2760136507970351e-03   1.3885055567867837e-03
  2.5730420293387122e-03  -1.7070495820227577e-03   1.1488118675866031e-03   2.8048563105319765e-03
  7.2045573397016048e-03  -2.6754166831758405e-04   5.8207137091546369e-03   4.2569144474060685e-03
  1.2069390553528896e-02   1.1939836049508412e-03   1.0731256176847765e-02   5.7321685644758247e-03
  1.7154520166373425e-02   2.6623209128726361e-03   1.5868305790558760e-02   7.2154933142168096e-03
  2.2444866793410689e-02   4.1206553726943146e-03   2.1217196838595073e-02   8.6899608799850675e-03
  2.7923583955079805e-02   5.5515221621326993e-03   2.6760811204740817e-02   1.0137771813861624e-02
  3.3571720547842250e-02   6.9377673065081332e-03   3.2479610945160019e-02   1.1541355358521892e-02
  3.9370130140284794e-02   8.2643963577069858e-03   3.8351669171776355e-02   1.2884836119519646e-02
  4.5296886004005055e-02   9.5209720339994031e-03   4.4352438408003139e-02   1.4157106746809287e-02
  5.1330655607546676e-02   1.0702566143195046e-02   5.0455198005923164e-02   1.5352222079355720e-02
  5.7441501265652666e-02   1.1807901617995477e-02   5.6631411115972911e-02   1.6469390681192603e-02
  6.3974670657186955e-02   1.2902689180745476e-02   6.3218879962865099e-02   1.7573289438024092e-02
  7.0528218737426165e-02   1.3930897070400350e-02   6.9814116887070773e-02   1.8608052710769138e-02
  7.7062844546887832e-02   1.4910091670053333e-02   7.6371885363828176e-02   1.9590722155816986e-02
  8.3528908469062246e-02   1.5858213112215434e-02   8.2844128479058074e-02   2.0539751609569102e-02
  8.9877197837853737e-02   1.6791933709006047e-02   8.9182498429273047e-02   2.1472010531947333e-02
  9.6058675089587514e-02   1.7723683777770040e-02   9.5340940589832876e-02   2.2400283346342972e-02
  1.0202817179119464e-01   1.8660116748261023e-02   1.0127801719278101e-01   2.3331625542579351e-02
  1.0774634360752344e-01   1.9601420183997371e-02   1.0695873496079512e-01   2.4266760359859509e-02
  1.1318133318183200e-01   2.0541723545228152e-02   1.1235573522793843e-01   2.5200491016935805e-02
  1.1830970388813758e-01   2.1470366575361451e-02   1.1744985182051144e-01   2.6122933690268406e-02
  1.2311754200232142e-01   2.2374032146841707e-02   1.2223053748800225e-01   2.7021499126658990e-02
  1.2760034167455270e-01   2.3239355161717237e-02   1.2669525502700729e-01   2.7883334543384389e-02
  1.3176099832350244e-01   2.4054806952382386e-02   1.3084765562176667e-01   2.8697169653217013e-02
  1.3560778589896452e-01   2.4811689228699283e-02   1.3469589113418959e-01   2.9454336563452446e-02
  1.3915271424735912e-01   2.5504459733318312e-02   1.3825123586968310e-01   3.0149140892611941e-02
  1.4241022469698367e-01   2.6130593383932376e-02   1.4152700899975176e-01   3.0778781887971101e-02
  1.4539619972933154e-01   2.6690169970706654e-02   1.4453776253073722e-01   3.1342998348476904e-02
  1.4812723292965732e-01   2.7185335848423378e-02   1.4729868805073273e-01   3.1843580122881555e-02
  1.5062010674960713e-01   2.7619743691441233e-02   1.4982519410339457e-01   3.2283844914807416e-02
  1.5289142876446643e-01   2.7998035037388680e-02   1.5213261071638232e-01   3.2668144405146184e-02
  1.5495738477017373e-01   2.8325399783474543e-02   1.5423598513765252e-01   3.3001435380763430e-02
  1.5683357687528238e-01   2.8607225359672632e-02   1.5614994104233895e-01   3.3288931072853495e-02
  1.5853491251396423e-01   2.8848832809745203e-02   1.5788857746464863e-01   3.3535833699540378e-02
  1.6007551167846809e-01   2.9055285465941817e-02   1.5946538923517184e-01   3.3747137652562875e-02
  1.6146867336044213e-01   2.9231265201208362e-02   1.6089322681283885e-01   3.3927496414401133e-02
  1.6272688523498999e-01   2.9381009587175506e-02   1.6218427474406696e-01   3.4081147903443958e-02
  1.6386183593736781e-01   2.9508290738047695e-02   1.6335003529908931e-01   3.4211883667242600e-02
  1.6488442997667527e-01   2.9616422292698494e-02   1.6440131842932787e-01   3.4323048427174672e-02
  1.6580480618609711e-01   2.9708284326351288e-02   1.6534823891294667e-01   3.4417559500091142e-02
  1.6663236008188378e-01   2.9786358648404378e-02   1.6620022089597436e-01   3.4497938220152700e-02
  1.6737577009040724e-01   2.9852769093209587e-02   1.6696600950027507e-01   3.4566347627156921e-02
  1.6804302728470177e-01   2.9909323092104062e-02   1.6765368878359105e-01   3.4624632399929738e-02
  1.6864146805186234e-01   2.9957552094038359e-02   1.6827070509744413e-01   3.4674358340699936e-02
  1.6917780900771204e-01   2.9998749350201217e-02   1.6882389477542242e-01   3.4716849715082980e-02
  1.6965818338542465e-01   3.0034004254189943e-02   1.6931951506959425e-01   3.4753223480795882e-02
  1.7008817836670689e-01   3.0064232917391093e-02   1.6976327730808494e-01   3.4784419951717264e-02
  1.7047287196034042e-01   3.0090204907611745e-02   1.7016038134689063e-01   3.4811229791407675e-02
  1.7081687202278931e-01   3.0112566540208698e-02   1.7051555051322151e-01   3.4834317453247880e-02
  1.7112434365645288e-01   3.0131860150546287e-02   1.7083306637062162e-01   3.4854241316830237e-02
  1.7139908060600448e-01   3.0148543191966123e-02   1.7111680276701399e-01   3.4871470838937803e-02
  1.7164438473039567e-01   3.0162993258888580e-02   1.7137025874873296e-01   3.4886401062910168e-02
  1.7186374453260225e-01   3.0175557590960453e-02   1.7159659003255776e-01   3.4899364827715627e-02
  1.7205814441463391e-01   3.0186409390542786e-02   1.7179863882195026e-01   3.4910642998682892e-02
  1.7223751461868350e-01   3.0196187163171469e-02   1.7197896183281641e-01   3.4920473013311672e-02
  1.7237257484531351e-01   3.0203427104260792e-02   1.7213985645882252e-01   3.4929056003095697e-02
  1.7259404211030471e-01   3.0215416827297177e-02   1.7228338505786070e-01   3.4936562719205345e-02
  1.7310095058434732e-01   3.0267687568089324e-02   1.7242826997342423e-01   3.4950979907096433e-02
  1.7371481707400610e-01   3.0388021041537094e-02   1.7257256462243964e-01   3.4979424495145260e-02
  1.7429045295656317e-01   3.0560794866809449e-02   1.7271453056160127e-01   3.5021982482453085e-02
  1.7486043800877143e-01   3.0794390246522550e-02   1.7285244900576902e-01   3.5078512852230279e-02
  1.7540755589196222e-01   3.1084768920512828e-02   1.7298464111364537e-01   3.5148659951769495e-02
  1.7592836027202555e-01   3.1431907340378915e-02   1.7310948800441445e-01   3.5231865955391399e-02
  1.7641572704366157e-01   3.1833408872915483e-02   1.7322545038237033e-01   3.5327383852982598e-02
  1.7686357023329227e-01   3.2286706024164072e-02   1.7333108761767990e-01   3.5434291274369527e-02
  1.7726566436376540e-01   3.2788244935844604e-02   1.7342507610302685e-01   3.5551505355781866e-02
  1.7761605500658414e-01   3.3333649148947084e-02   1.7350622667925061e-01   3.5677798772320433e-02
  1.7790912069785075e-01   3.3917581711922967e-02   1.7357350089973797e-01   3.5811816993805090e-02
  1.7813977988831103e-01   3.4533734635404517e-02   1.7362602588489681e-01   3.5952096766024413e-02
  1.7830371098534417e-01   3.5174846276891686e-02   1.7366310750618671e-01   3.6097085771896263e-02
  1.7839759341338693e-01   3.5832802676546309e-02   1.7368424163541532e-01   3.6245163385157771e-02
