  2.2012187237741307e-01   6.9055726925599012e-02   2.1414037446426540e-01   6.9578268954540293e-02
  2.2014832016726052e-01   6.9926625717960683e-02   2.1414613610525982e-01   6.9768025771981879e-02
  2.2007610979872977e-01   7.0793733392064892e-02   2.1413034698993161e-01   6.9957508494975285e-02
  2.1990739609977161e-01   7.1643331597561713e-02   2.1409318247938175e-01   7.0144569630646025e-02
  2.1964676544323417e-01   7.2462626386772103e-02   2.1403509380511637e-01   7.0327091586553633e-02
  2.1930082390385638e-01   7.3240318931015638e-02   2.1395680446666132e-01   7.0503016662014029e-02
  2.1887765779619855e-01   7.3966962941404063e-02   2.1385930272051296e-01   7.0670376860116249e-02
  2.1838623313655428e-01   7.4635139168294437e-02   2.1374383018789084e-01   7.0827323216959490e-02
  2.1783595319618457e-01   7.5239291660740074e-02   2.1361186669818868e-01   7.0972154363388523e-02
  2.1723588662881790e-01   7.5775883313378228e-02   2.1346511157576664e-01   7.1103344072634897e-02
  2.1659588329970683e-01   7.6241966729274552e-02   2.1330546166582165e-01   7.1219567608509629e-02
  2.1592106191981936e-01   7.6638481432603781e-02   2.1313498647676737e-01   7.1319726777365144e-02
  2.1523191946651629e-01   7.6959151071050808e-02   2.1295590088866440e-01   7.1402973707946474e-02
  2.1449053360998432e-01   7.7221382972234867e-02   2.1277053593748871e-01   7.1468733542310467e-02
  2.1386706536661707e-01   7.7381723956361684e-02   2.1258130823225169e-01   7.1516726424526875e-02
  2.1357563596703708e-01   7.7441983141690790e-02   2.1239234395735676e-01   7.1555457215745452e-02
  2.1338292075123300e-01   7.7481333973434457e-02   2.1218043132282510e-01   7.1598699645893160e-02
  2.1313351589069560e-01   7.7531980051754934e-02   2.1194282359761868e-01   7.1646946549708657e-02
  2.1286193429656730e-01   7.7586822620820894e-02   2.1167645566617518e-01   7.1700736665461118e-02
  2.1255573495951874e-01   7.7648279236573775e-02   2.1137790979279245e-01   7.1760657022672300e-02
  2.1221320764154869e-01   7.7716561150740035e-02   2.1104337839086490e-01   7.1827344990566894e-02
  2.1182953681449765e-01   7.7792470098874356e-02   2.1066862371466227e-01   7.1901489855177164e-02
  2.1140007550756346e-01   7.7876731339486471e-02   2.1024893444266521e-01   7.1983833774985212e-02
  2.1091950322833186e-01   7.7970152904159637e-02   2.0977907919029365e-01   7.2075171948256175e-02
  2.1038196947648402e-01   7.8073586398040531e-02   2.0925325707998441e-01   7.2176351810287726e-02
  2.0978099693397803e-01   7.8187933776663915e-02   2.0866504561264959e-01   7.2288271065506171e-02
  2.0910943959626535e-01   7.8314141510252913e-02   2.0800734623228018e-01   7.2411874346352267e-02
  2.0835942527947032e-01   7.8453195888437230e-02   2.0727232816179225e-01   7.2548148275273047e-02
  2.0752230026497259e-01   7.8606115923056871e-02   2.0645137132118782e-01   7.2698114682843401e-02
  2.0658857285949689e-01   7.8773944394725626e-02   2.0553500942736355e-01   7.2862821696669744e-02
  2.0554785810072521e-01   7.8957736537759976e-02   2.0451287472661489e-01   7.3043332352018597e-02
  2.0438882500252489e-01   7.9158545984972725e-02   2.0337364623238860e-01   7.3240710272343953e-02
  2.0309914850727814e-01   7.9377407369421282e-02   2.0210500383535318e-01   7.3456001807539625e-02
  2.0166546878178140e-01   7.9615314740975704e-02   2.0069359121970937e-01   7.3690213774634222e-02
  2.0007336110782695e-01   7.9873194582190152e-02   1.9912499115416488e-01   7.3944285585756581e-02
  1.9830732026997253e-01   8.0151871674192965e-02   1.9738371741965408e-01   7.4219054027249529e-02
  1.9635076402030288e-01   8.0452025313225262e-02   1.9545322837639600e-01   7.4515208217767748e-02
  1.9418606099252345e-01   8.0774132333993928e-02   1.9331596794355843e-01   7.4833231262343036e-02
  1.9179458902945012e-01   8.1118392042876131e-02   1.9095344054318719e-01   7.5173323777409581e-02
  1.8915683186585519e-01   8.1484626284843445e-02   1.8834632761410769e-01   7.5535302767425760e-02
  1.8625254689702175e-01   8.1872145746867256e-02   1.8547466285675490e-01   7.5918469246006801e-02
  1.8306100642855749e-01   8.2279584309228437e-02   1.8231807872937100e-01   7.6321444843692118e-02
  1.7956128058891865e-01   8.2704697168723099e-02   1.7885611036509455e-01   7.6741971079723886e-02
  1.7573258578727202e-01   8.3144106578527346e-02   1.7506857203973786e-01   7.7176657106593327e-02
  1.7155471336766892e-01   8.3592982472909708e-02   1.7093601620391280e-01   7.7620664558016028e-02
  1.6700854312569194e-01   8.4044646422497205e-02   1.6644028005193542e-01   7.8067318881195433e-02
  1.6207664510642089e-01   8.4490088697026691e-02   1.6156512172371681e-01   7.8507638422603429e-02
  1.5674396906519239e-01   8.4917392180168666e-02   1.5629694411559800e-01   7.8929776949424449e-02
  1.5099861700346734e-01   8.5311063998162809e-02   1.5062559872781037e-01   7.9318383060299869e-02
  1.4483268561219173e-01   8.5651287116100677e-02   1.4454525498673165e-01   7.9653891757067927e-02
  1.3824316748181265e-01   8.5913119299225696e-02   1.3805531237164306e-01   7.9911779622571566e-02
  1.3123286467184878e-01   8.6065688139560739e-02   1.3116132432151045e-01   8.0061835257013284e-02
  1.2381145346689043e-01   8.6071466484463677e-02   1.2387595605736514e-01   8.0067533867185070e-02
  1.1599734367204342e-01   8.5886022994286618e-02   1.1622040628049748e-01   7.9885888784978501e-02
  1.0781982897659723e-01   8.5458963252525763e-02   1.0822587636685552e-01   7.9468429639076590e-02
  9.9320332313330109e-02   8.4736274107891155e-02   9.9934515543815994e-02   7.8763490299951194e-02
  9.0554172643467767e-02   8.3664340004479601e-02   9.1399889938587567e-02   7.7719919955918496e-02
  8.1588499976524065e-02   8.2195208604064846e-02   8.2686715002202482e-02   7.6292218580833057e-02
  7.2507806998543756e-02   8.0294607333015286e-02   7.3869511505413057e-02   7.4446776257054578e-02
  6.3393552419911264e-02   7.7945478142680616e-02   6.5029896219714611e-02   7.2168476634471956e-02
  5.4359341611870907e-02   7.5164554516455581e-02   5.6252465829409841e-02   6.9466533091963781e-02
  4.5962547705815503e-02   7.2172095350426763e-02   4.8096072223123468e-02   6.6559659106597738e-02
  3.7790441157801537e-02   6.8890807340673890e-02   4.0128771980587848e-02   6.3360565354991225e-02
  2.9878283673254284e-02   6.5386002474537699e-02   3.2397936509533237e-02   5.9935982562497811e-02
  2.2270680878941893e-02   6.1738646604868989e-02   2.4938146896106760e-02   5.6359428027392286e-02
  1.4986476944567964e-02   5.8021487975986288e-02   1.7773312558292117e-02   5.2703131583351562e-02
  8.0388788169151910e-03   5.4299630701946308e-02   1.0919212620497880e-02   4.9031325031530175e-02
  1.4319451137827259e-03   5.0626193541029117e-02   4.3843311861623650e-03   4.5397925765119140e-02
 -4.8373646565885069e-03   4.7039968347312354e-02  -1.8288321495408876e-03   4.1843806339537992e-02
 -1.0778433061977639e-02   4.3563619729048930e-02  -7.7227395057122908e-03   3.8395050841320111e-02
 -1.6405833512856672e-02   4.0203235024775727e-02  -1.3303876183115970e-02   3.5062298516563645e-02
 -2.1734113837955708e-02   3.6951970201631233e-02  -1.8578911736646941e-02   3.1843539213852634e-02
 -2.6772628722023788e-02   3.3796746756412192e-02  -2.3551358877701288e-02   2.8729717247216648e-02
 -3.1524396025141427e-02   3.0723790476638500e-02  -2.8221184424619843e-02   2.5709794008831655e-02
 -3.5986484988706616e-02   2.7723272049789589e-02  -3.2585464524808080e-02   2.2775097915713131e-02
 -4.0152260790521734e-02   2.4792181995520791e-02  -3.6640289325418331e-02   1.9922128208826093e-02
 -4.4015173470276510e-02   2.1934640273439172e-02  -4.0383511917193943e-02   1.7153175872143080e-02
 -4.7572435296544105e-02   1.9160026623030738e-02  -4.3817143293418244e-02   1.4475034688324886e-02
 -5.0827347201983029e-02   1.6479950941955902e-02  -4.6948575350844117e-02   1.1896666488224896e-02
 -5.3789704639484126e-02   1.3905281494487831e-02  -4.9790397237124522e-02   9.4267875781771735e-03
 -5.6474001294911869e-02   1.1444828334063255e-02  -5.2358715259284296e-02   7.0726677352324465e-03
 -5.8897474780746306e-02   9.1050344220300720e-03  -5.4671600352747797e-02   4.8396677583318381e-03
 -6.1078759312318362e-02   6.8899327810088822e-03  -5.6747995198558013e-02   2.7311048634381810e-03
 -6.3036939828752497e-02   4.8012952797474749e-03  -5.8606952894061599e-02   7.4832313384419339e-04
 -6.4790904352874462e-02   2.8388844818595009e-03  -6.0267116449940580e-02  -1.1091163370701232e-03
 -6.6358910625423789e-02   1.0007555124121950e-03  -6.1746374343154553e-02  -2.8431847188804108e-03
 -6.7758308983461302e-02  -7.1643043588014545e-04  -6.3061644530207531e-02  -4.4571135914738373e-03
 -6.9005377763744241e-02  -2.3171044625754506e-03  -6.4228751501762132e-02  -5.9551271412214670e-03
 -7.0115239040405036e-02  -3.8065140530802156e-03  -6.5262369930701489e-02  -7.3421934589490484e-03
 -7.1101830790984269e-02  -5.1904798037468048e-03  -6.6176015194964133e-02  -8.6238030001564697e-03
 -7.1977917880120715e-02  -6.4751871124146421e-03  -6.6982066136517956e-02  -9.8057775725194623e-03
 -7.2755128952407280e-02  -7.6670122364456052e-03  -6.7691809255115781e-02  -1.0894110174224963e-02
 -7.3444009854915643e-02  -8.7723803744745674e-03  -6.8315496427953412e-02  -1.1894834134975767e-02
 -7.4054086840120395e-02  -9.7976524845827390e-03  -6.8862410419570752e-02  -1.2813918951808192e-02
 -7.4593934769855652e-02  -1.0749037174005391e-02  -6.9340934072953581e-02  -1.3657189703592913e-02
 -7.5071246956918580e-02  -1.1632523889255420e-02  -6.9758620285134659e-02  -1.4430266783670492e-02
 -7.5492904493319898e-02  -1.2453834069351459e-02  -7.0122260769839823e-02  -1.5138522776156021e-02
 -7.5865043196830892e-02  -1.3218386251203621e-02  -7.0437952272972906e-02  -1.5787053524553406e-02
 -7.6193118727135259e-02  -1.3931275240477955e-02  -7.0711159392545173e-02  -1.6380660737066961e-02
 -7.6481964242300776e-02  -1.4597251658222451e-02  -7.0946773507406261e-02  -1.6923843798099542e-02
 -7.6735858538797275e-02  -1.5220741622754724e-02  -7.1149167572378866e-02  -1.7420798781725581e-02
 -7.6958542350068479e-02  -1.5805751746040070e-02  -7.1322246716478022e-02  -1.7875422973015281e-02
 -7.7153391899072749e-02  -1.6356205882557939e-02  -7.1469494704912193e-02  -1.8291323487049649e-02
 -7.7323074521447044e-02  -1.6874814471286734e-02  -7.1594016408906738e-02  -1.8671828828529319e-02
 -7.7470761767102991e-02  -1.7366749759174925e-02  -7.1698576480876755e-02  -1.9020002455671516e-02
 -7.7596998294032257e-02  -1.7828883481016820e-02  -7.1785634464227407e-02  -1.9338657601418889e-02
 -7.7706815444083532e-02  -1.8275591428631211e-02  -7.1857376583154969e-02  -1.9630372764957722e-02
 -7.7807713323236743e-02  -1.8741015549124610e-02  -7.1921748266678853e-02  -1.9927094302824983e-02
 -7.7899752801531372e-02  -1.9240761427895717e-02  -7.1977055244699370e-02  -2.0227179750564234e-02
 -7.7977520176969531e-02  -1.9769052659290180e-02  -7.2021386965202855e-02  -2.0527896925717708e-02
 -7.8036736126128270e-02  -2.0331166452330091e-02  -7.2052927570151387e-02  -2.0826547742265208e-02
 -7.8071203281196350e-02  -2.0928884989550200e-02  -7.2069982514110148e-02  -2.1120501172825937e-02
 -7.8073180614433718e-02  -2.1566084810715199e-02  -7.2071003406488934e-02  -2.1407225686243141e-02
 -7.8032557888396886e-02  -2.2246028662257736e-02  -7.2054610788678419e-02  -2.1684320615344171e-02
 -7.7936364934735103e-02  -2.2971031536383597e-02  -7.2019614597417278e-02  -2.1949545901218205e-02
 -7.7768592999549677e-02  -2.3740345823064196e-02  -7.1965032106112686e-02  -2.2200849667444220e-02
 -7.7511020156569979e-02  -2.4547473334035945e-02  -7.1890103175545311e-02  -2.2436393101209994e-02
 -7.7145700428097791e-02  -2.5377421701985849e-02  -7.1794302683602693e-02  -2.2654572158361988e-02
 -7.6660211903150685e-02  -2.6204028965240773e-02  -7.1677350039825755e-02  -2.2854035665542716e-02
 -7.6052565225718544e-02  -2.6993629227258037e-02  -7.1539215724275504e-02  -2.3033699463382948e-02
 -7.5338546098360784e-02  -2.7707428892274108e-02  -7.1380124821421795e-02  -2.3192756318180095e-02
 -7.4540017397833364e-02  -2.8320380071103934e-02  -7.1201658034002177e-02  -2.3329716366252584e-02
 -7.3685732079146068e-02  -2.8816320043251707e-02  -7.1005634486262625e-02  -2.3443383755743705e-02
 -7.2815937582449169e-02  -2.9187063046677508e-02  -7.0792991796135699e-02  -2.3533828768617163e-02
 -7.1962558329633691e-02  -2.9440752071922392e-02  -7.0564878916362525e-02  -2.3601414805184164e-02
 -7.1148447697113135e-02  -2.9594005642749679e-02  -7.0322646115820758e-02  -2.3646786191162665e-02
 -7.0384916737855435e-02  -2.9666752748436571e-02  -7.0067832690688267e-02  -2.3670852051791237e-02
 -6.9675227698628814e-02  -2.9677704038658631e-02  -6.9802152525887784e-02  -2.3674766628921196e-02
 -6.9017580694702860e-02  -2.9642495597462369e-02  -6.9527477643908112e-02  -2.3659906479179961e-02
 -6.8407764818552222e-02  -2.9573350160258870e-02  -6.9245819895263419e-02  -2.3627845039127571e-02
 -6.7841092398834166e-02  -2.9479558475109351e-02  -6.8959310962543180e-02  -2.3580325075694096e-02
 -6.7312671610708030e-02  -2.9368035936879956e-02  -6.8670180868093178e-02  -2.3519229556676083e-02
 -6.6819721479560543e-02  -2.9244361722376665e-02  -6.8380735193583841e-02  -2.3446551476979608e-02
 -6.6356683427080135e-02  -2.9112008057584061e-02  -6.8093331237679910e-02  -2.3364363162591075e-02
 -6.5927663707324433e-02  -2.8976263175843724e-02  -6.7810353355243519e-02  -2.3274785547489983e-02
 -6.5518592044543397e-02  -2.8835817456339549e-02  -6.7533152838072805e-02  -2.3179589714622098e-02
 -6.5096953102836544e-02  -2.8680524183412177e-02  -6.7231327091666085e-02  -2.3068410933235573e-02
 -6.4650511605788760e-02  -2.8505228761849365e-02  -6.6902529662003843e-02  -2.2939280313338441e-02
 -6.4181878338031101e-02  -2.8310077292284019e-02  -6.6544182840862567e-02  -2.2790033371000235e-02
 -6.3686608629099917e-02  -2.8092421220969305e-02  -6.6153455792467411e-02  -2.2618297315759848e-02
 -6.3162289032989372e-02  -2.7850326937672074e-02  -6.5727240951601776e-02  -2.2421479075352996e-02
 -6.2605439201626492e-02  -2.7581303630459911e-02  -6.5262128646540518e-02  -2.2196754563891544e-02
 -6.2012439538084350e-02  -2.7282700987975261e-02  -6.4754379924882574e-02  -2.1941059819547273e-02
 -6.1379233143962993e-02  -2.6951577157895236e-02  -6.4199897593230207e-02  -2.1651084773065311e-02
 -6.0701378986246508e-02  -2.6584732324879089e-02  -6.3594195524171018e-02  -2.1323270556994581e-02
 -5.9974004754919458e-02  -2.6178700340723504e-02  -6.2932366337618229e-02  -2.0953811422955784e-02
 -5.9191784572961717e-02  -2.5729759785663182e-02  -6.2209047629490422e-02  -2.0538662492729155e-02
 -5.8348907821428979e-02  -2.5233948599121505e-02  -6.1418386999672239e-02  -2.0073554715770062e-02
 -5.7439048289744700e-02  -2.4687088220328487e-02  -6.0554006222889707e-02  -1.9554018521626072e-02
 -5.6455331576703342e-02  -2.4084817249923451e-02  -5.9608965008508548e-02  -1.8975417712326061e-02
 -5.5390301689262379e-02  -2.3422636184784774e-02  -5.8575724903461600e-02  -1.8332995096904354e-02
 -5.4235887032900061e-02  -2.2695964113756788e-02  -5.7446113997381455e-02  -1.7621931172050902e-02
 -5.2983366133170152e-02  -2.1900207897505717e-02  -5.6211293175095399e-02  -1.6837416723755050e-02
 -5.1623333222698867e-02  -2.1030843504193542e-02  -5.4861724704600545e-02  -1.5974739463833355e-02
 -5.0145663522232015e-02  -2.0083507879783913e-02  -5.3387143912151727e-02  -1.5029383589784126e-02
 -4.8539477479607934e-02  -1.9054097778890562e-02  -5.1776534528396791e-02  -1.3997139293804268e-02
 -4.6793102310840030e-02  -1.7938869153883125e-02  -5.0018107919993886e-02  -1.2874216522366717e-02
 -4.4894027770548052e-02  -1.6734526702837590e-02  -4.8099285757603354e-02  -1.1657353405281349e-02
 -4.2828850922705559e-02  -1.5438287567966724e-02  -4.6006684597496857e-02  -1.0343904328323052e-02
 -4.0583201665182748e-02  -1.4047895425565539e-02  -4.3726099226227534e-02  -8.9318850289988282e-03
 -3.8141635972568477e-02  -1.2561549967070663e-02  -4.1242479246878329e-02  -7.4199414205973618e-03
 -3.5487478342767234e-02  -1.0977701252781578e-02  -3.8539889973069411e-02  -5.8071934734434654e-03
 -3.2602581376834167e-02  -9.2946313195314441e-03  -3.5601443626324385e-02  -4.0928823188988309e-03
 -2.9466966324634268e-02  -7.5097113628357741e-03  -3.2409178548429896e-02  -2.2757114882515656e-03
 -2.6058244183940208e-02  -5.6181299182545144e-03  -2.8943854359954800e-02  -3.5271242587264762e-04
 -2.2351710236450089e-02  -3.6114480458950870e-03  -2.5185088980245827e-02   1.6822588170891488e-03
 -1.8322934676530168e-02  -1.4773211786427739e-03  -2.1113223329919641e-02   3.8392243810008064e-03
 -1.3951871567186106e-02   7.9963901282768552e-04  -1.6712305247324689e-02   6.1317467906728098e-03
 -9.2275324222323811e-03   3.2357504004717564e-03  -1.1973533067651075e-02   8.5753054299063276e-03
 -4.1516745284362611e-03   5.8449662158775381e-03  -6.8980067181817007e-03   1.1184350727276575e-02
  1.2601001423499787e-03   8.6349848591967364e-03  -1.4976004734151760e-03   1.3968506657296787e-02
  6.9798021276974345e-03   1.1603219861946925e-02   4.2061290276163366e-03   1.6928452719849614e-02
  1.2970356219387049e-02   1.4733246926387016e-02   1.0184402083066259e-02   2.0052065122877379e-02
  1.9192492782309920e-02   1.7994563638230265e-02   1.6406189846067867e-02   2.3313199121555741e-02
  2.5610033375727561e-02   2.1345155734782011e-02   2.2842135371826215e-02   2.6673392600481474e-02
  3.2190299234823305e-02   2.4733643280020132e-02   2.9464783528262387e-02   3.0083683615409168e-02
  3.8903543310801737e-02   2.8101996121502458e-02   3.6248628395571983e-02   3.3487420361976973e-02
  4.5725770026438455e-02   3.1391122252748482e-02   4.3170136282620869e-02   3.6824362871795351e-02
  5.2633941076428062e-02   3.4545378526300706e-02   5.0207024550245054e-02   4.0037322046762268e-02
  5.9616290487790526e-02   3.7520249405290584e-02   5.7339126502506159e-02   4.3075957428677321e-02
  6.6647220479821953e-02   4.0274145661064187e-02   6.4548943898746325e-02   4.5899854758263359e-02
  7.4157855657518909e-02   4.2932610469524637e-02   7.2251981916685290e-02   4.8626380111949655e-02
  8.1702233076118042e-02   4.5307179450752820e-02   8.0001765329144020e-02   5.1065632098687072e-02
  8.9272714494204194e-02   4.7403870862909474e-02   8.7767460088264818e-02   5.3216407024551826e-02
  9.6830961399091031e-02   4.9232564258765911e-02   9.5509702403009947e-02   5.5089666112266046e-02
  1.0433870279794191e-01   5.0813934605889247e-02   1.0318200329626324e-01   5.6705743642154444e-02
  1.1174719841426134e-01   5.2173277353971752e-02   1.1073339779786519e-01   5.8091349317643259e-02
  1.1900565760364012e-01   5.3339151236158476e-02   1.1811178878034570e-01   5.9276521528109465e-02
  1.2606335657109932e-01   5.4340513844921209e-02   1.2526732879703556e-01   6.0291791627038176e-02
  1.3287354056765660e-01   5.5204678636022082e-02   1.3215530638073175e-01   6.1165845225686584e-02
  1.3939584690981149e-01   5.5955731311610121e-02   1.3873825193317854e-01   6.1923891522571876e-02
  1.4559838400923161e-01   5.6613794117307666e-02   1.4498737018369470e-01   6.2586902986397755e-02
  1.5145853099342871e-01   5.7195092470246282e-02   1.5088288627610932e-01   6.3171713640809313e-02
  1.5696236107417419e-01   5.7712374982205772e-02   1.5641335858274522e-01   6.3691502319987159e-02
  1.6210366084445899e-01   5.8175459462691641e-02   1.6157470022559028e-01   6.4156393179151464e-02
  1.6688283072150312e-01   5.8591817714120621e-02   1.6636908707767400e-01   6.4574077732326540e-02
  1.7130574374993218e-01   5.8967129829375804e-02   1.7080384079834673e-01   6.4950394898231581e-02
  1.7538263792781464e-01   5.9305767509345457e-02   1.7489035248088372e-01   6.5289831554435546e-02
  1.7912708876256184e-01   5.9611187514648584e-02   1.7864309131255635e-01   6.5595927603022353e-02
  1.8255509159165959e-01   5.9886232885970454e-02   1.8207872453376978e-01   6.5871585163251825e-02
  1.8568426749060474e-01   6.0133350000350493e-02   1.8521536053456547e-01   6.6119291340154776e-02
  1.8853319565293886e-01   6.0354735072099479e-02   1.8807191619787958e-01   6.6341269021000140e-02
  1.9112086606476678e-01   6.0552425413945392e-02   1.9066760226691878e-01   6.6539571594435756e-02
  1.9346624997439954e-01   6.0728350930957020e-02   1.9302151890625660e-01   6.6716136977070253e-02
  1.9558798970330374e-01   6.0884362918805834e-02   1.9515235314109516e-01   6.6872817497632242e-02
  1.9750415305835384e-01   6.1022248007439717e-02   1.9707814332925819e-01   6.7011395122657025e-02
  1.9923203741351675e-01   6.1143726848163341e-02   1.9881610633834285e-01   6.7133582338716066e-02
  2.0078803673070944e-01   6.1250444585374285e-02   2.0038252390582284e-01   6.7241014408509006e-02
  2.0218755972363167e-01   6.1343958681905252e-02   2.0179267608727749e-01   6.7335238542731282e-02
  2.0344498802249050e-01   6.1425727532995328e-02   2.0306081123132896e-01   6.7417703471709764e-02
  2.0457366509990890e-01   6.1497101749424500e-02   2.0420014370156467e-01   6.7489751348890403e-02
  2.0558590833043744e-01   6.1559318897248506e-02   2.0522287218385604e-01   6.7552612834081177e-02
  2.0649303802162988e-01   6.1613501772310834e-02   2.0614021282827955e-01   6.7607405495256109e-02
  2.0730541848710041e-01   6.1660659864616052e-02   2.0696244266934122e-01   6.7655135241613804e-02
  2.0803250727509373e-01   6.1701693451172865e-02   2.0769894975823019e-01   6.7696700276852359e-02
  2.0868290943508838e-01   6.1737399673868348e-02   2.0835828724893166e-01   6.7732896975448487e-02
  2.0926443465566522e-01   6.1768479984969440e-02   2.0894822933263688e-01   6.7764427087028331e-02
  2.0978415449104310e-01   6.1795548344423669e-02   2.0947582743787022e-01   6.7791905729143301e-02
  2.1024846220711799e-01   6.1819139898245543e-02   2.0994746553015040e-01   6.7815869711856824e-02
  2.1066311771285787e-01   6.1839718928105504e-02   2.1036891367423413e-01   6.7836785831238852e-02
  2.1103334605782018e-01   6.1857689222075615e-02   2.1074537928013959e-01   6.7855058861505238e-02
  2.1136369859182186e-01   6.1873392619707750e-02   2.1108155565451270e-01   6.7871039059764590e-02
  2.1165889484951281e-01   6.1887153401157233e-02   2.1138166763266000e-01   6.7885029069027977e-02
  2.1192053303404465e-01   6.1899130758384227e-02   2.1164951418307618e-01   6.7897290162686488e-02
  2.1216110205934249e-01   6.1909959795590372e-02   2.1188850796336892e-01   6.7908047817271971e-02
  2.1234517939203079e-01   6.1918155748979006e-02   2.1210171187049501e-01   6.7917496631355767e-02
  2.1263239564522385e-01   6.1931189414950412e-02   2.1229187267432084e-01   6.7925804628897621e-02
  2.1326803434908947e-01   6.1990095669561367e-02   2.1248379404780066e-01   6.7942938234826666e-02
  2.1403702293232943e-01   6.2130218839519302e-02   2.1267487598007914e-01   6.7977946871625033e-02
  2.1476275182927226e-01   6.2335202773881361e-02   2.1286279688461107e-01   6.8030950193251130e-02
  2.1548584891549505e-01   6.2615893197569120e-02   2.1304526500132473e-01   6.8101776682924331e-02
  2.1618526503428398e-01   6.2968979154431254e-02   2.1322004627773677e-01   6.8189979555007815e-02
  2.1685657892667834e-01   6.3395929631836337e-02   2.1338499159920696e-01   6.8294852869114103e-02
  2.1749025993525187e-01   6.3895325787090743e-02   2.1353806319367272e-01   6.8415448393044143e-02
  2.1807758186564205e-01   6.4465325523690539e-02   2.1367736001368845e-01   6.8550593582287170e-02
  2.1860917526956442e-01   6.5102498489015379e-02   2.1380114187347132e-01   6.8698910912396979e-02
  2.1907566061429190e-01   6.5801859381846406e-02   2.1390785209236107e-01   6.8858838697716737e-02
  2.1946789673928130e-01   6.6556563680945813e-02   2.1399613837093218e-01   6.9028653447803234e-02
  2.1977747196244088e-01   6.7357828115544804e-02   2.1406487160478072e-01   6.9206493745306144e-02
  2.1999724037192411e-01   6.8194980612549111e-02   2.1411316232678668e-01   6.9390385571436106e-02
  2.2012187237741307e-01   6.9055726925599012e-02   2.1414037446426540e-01   6.9578268954540293e-02
