 -6.3118453258107526e-02  -1.4380797410524374e-03  -1.0529008218089941e-01   4.1241584198561033e-02
 -6.1994541755764736e-02  -3.4500211249705644e-04  -1.0349646340895738e-01   4.2986170259044644e-02
 -6.0745581208350427e-02   8.3260539314395938e-04  -1.0157423210863473e-01   4.4798743109148935e-02
 -5.9358515372590681e-02   2.1006735604719514e-03  -9.9506276358039658e-02   4.6689430975937786e-02
 -5.7819251715973435e-02   3.4649674748671536e-03  -9.7273736962567831e-02   4.8668325690007168e-02
 -5.6112665737320364e-02   4.9308978037782393e-03  -9.4856019246449791e-02   5.0745224808184074e-02
 -5.4222640614660249e-02   6.5032824964331749e-03  -9.2230893183893575e-02   5.2929274533581580e-02
 -5.2132160133734992e-02   8.1860538305518118e-03  -8.9374740312718776e-02   5.5228483844444204e-02
 -4.9823482253777009e-02   9.9819091839285258e-03  -8.6263040489787945e-02   5.7649073936663353e-02
 -4.7278434509736386e-02   1.1891911413698723e-02  -8.2871242053790345e-02   6.0194624082160045e-02
 -4.4478898074301741e-02   1.3915055256831616e-02  -7.9176259339582888e-02   6.2864959457213529e-02
 -4.1407577590179934e-02   1.6047842523453745e-02  -7.5158939562940424e-02   6.5654752979394229e-02
 -3.8049245720108912e-02   1.8283922435540785e-02  -7.0808269102311153e-02   6.8551669421499151e-02
 -3.4392183872461415e-02   2.0614201189996843e-02  -6.6125161788422371e-02   7.1535887263664250e-02
 -3.0428820123353358e-02   2.3027883662967874e-02  -6.1122120839237203e-02   7.4582915339462125e-02
 -2.6155597664977132e-02   2.5513938201650328e-02  -5.5819487321420072e-02   7.7668071790948673e-02
 -2.1572020375335427e-02   2.8062534956449843e-02  -5.0238702762432995e-02   8.0771370277648802e-02
 -1.6679174511890729e-02   3.0665843901753524e-02  -4.4394349684857191e-02   8.3881152461713820e-02
 -1.1478545465235863e-02   3.3317679318252053e-02  -3.8288707428779836e-02   8.6994631685991225e-02
 -5.9715533979910543e-03   3.6012094381244919e-02  -3.1910048373645000e-02   9.0115647669342130e-02
 -1.5989300766743693e-04   3.8741324177208561e-02  -2.5234977622985117e-02   9.3250407195863888e-02
  5.9521737982574860e-03   4.1493268744959975e-02  -1.8238782374394521e-02   9.6400441677581716e-02
  1.2355439902651016e-02   4.4250298387313175e-02  -1.0905116500560020e-02   9.9558042111072498e-02
  1.9035267218268662e-02   4.6989619665219320e-02  -3.2267377759257337e-03   1.0270679057005318e-01
  2.5971549247962713e-02   4.9684094677556093e-02   4.7922152977883554e-03   1.0582174526454621e-01
  3.3138704149877643e-02   5.2303102621289191e-02   1.3148401246600674e-02   1.0887507262265327e-01
  4.0509106858337349e-02   5.4812944471662753e-02   2.1836392325029968e-02   1.1183337705470801e-01
  4.8041167091624752e-02   5.7175790301348686e-02   3.0814108290195843e-02   1.1464950990476491e-01
  5.5702979618495942e-02   5.9360672652944688e-02   4.0039951598501516e-02   1.1728018191575586e-01
  6.3889059203586993e-02   6.1443032813814857e-02   4.9986048270106088e-02   1.1981002936994672e-01
  7.2104680618960040e-02   6.3264956656968699e-02   6.0040897699508017e-02   1.2203965479887613e-01
  8.0275279340078901e-02   6.4807131117802674e-02   7.0092018524377561e-02   1.2393666011270846e-01
  8.8343443308330508e-02   6.6065037416280545e-02   8.0046208146526909e-02   1.2548856717234375e-01
  9.6246725504231995e-02   6.7043303504847704e-02   8.9804094632722459e-02   1.2669640491167711e-01
  1.0393061941629204e-01   6.7756658030902486e-02   9.9277812350448483e-02   1.2757598088236943e-01
  1.1134613000385511e-01   6.8227477200713968e-02   1.0838938464280545e-01   1.2815458005801811e-01
  1.1845244395919936e-01   6.8483806857755722e-02   1.1707492549394259e-01   1.2846799179743693e-01
  1.2521709547409454e-01   6.8557027541124027e-02   1.2528521082928026e-01   1.2855698887693146e-01
  1.3161629650519788e-01   6.8479707167575829e-02   1.3298607893982464e-01   1.2846406926372375e-01
  1.3763496819604878e-01   6.8283668936083869e-02   1.4015950242461572e-01   1.2823053480018717e-01
  1.4326633958821883e-01   6.7998298315767550e-02   1.4680344270478116e-01   1.2789394842111998e-01
  1.4851072370552323e-01   6.7649422464434811e-02   1.5292844136741054e-01   1.2748656620191487e-01
  1.5337420158008838e-01   6.7258830963344368e-02   1.5855394837977449e-01   1.2703483135724108e-01
  1.5786740470321237e-01   6.6844261933982033e-02   1.6370537856838277e-01   1.2655957036615534e-01
  1.6200441998556578e-01   6.6419686514567394e-02   1.6841175165650532e-01   1.2607658972667332e-01
  1.6580183711199847e-01   6.5995757218025766e-02   1.7270389059775601e-01   1.2559744895307423e-01
  1.6927793898900168e-01   6.5580321649900145e-02   1.7661308732800088e-01   1.2513026370566438e-01
  1.7245202904718313e-01   6.5178935278632777e-02   1.8017015365496752e-01   1.2468045250751285e-01
  1.7534388397360434e-01   6.4795333298280258e-02   1.8340478030110738e-01   1.2425138387681472e-01
  1.7797331771187602e-01   6.4431841371519707e-02   1.8634512978642526e-01   1.2384491032598824e-01
  1.8035984394067778e-01   6.4089718338027041e-02   1.8901762893150253e-01   1.2346178886830794e-01
  1.8252240843454104e-01   6.3769435080844178e-02   1.9144680858367139e-01   1.2310201535490778e-01
  1.8447915041856883e-01   6.3470906479546119e-02   1.9365493981599360e-01   1.2276512954498570e-01
  1.8624725895904037e-01   6.3193674897499830e-02   1.9566194054344299e-01   1.2245043628946514e-01
  1.8784291797782196e-01   6.2937038054126454e-02   1.9748566017087188e-01   1.2215711508040508e-01
  1.8928128065242647e-01   6.2700137361071093e-02   1.9914215361586088e-01   1.2188428375517740e-01
  1.9057646581338711e-01   6.2482018596899280e-02   2.0064591753552094e-01   1.2163103500474511e-01
  1.9174157185117299e-01   6.2281673491517558e-02   2.0201009518958435e-01   1.2139645530155641e-01
  1.9278870401655671e-01   6.2098068386754454e-02   2.0324665127474514e-01   1.2117963352466316e-01
  1.9372901167867573e-01   6.1930164260712905e-02   2.0436651981860365e-01   1.2097966400942345e-01
  1.9457273261265493e-01   6.1776931031823731e-02   2.0537972792335776e-01   1.2079564715098753e-01
  1.9532924189088582e-01   6.1637358068637078e-02   2.0629549800155944e-01   1.2062668953556518e-01
  1.9600710342467897e-01   6.1510462136158371e-02   2.0712233183673648e-01   1.2047190459941387e-01
  1.9661412255430707e-01   6.1395293549807856e-02   2.0786807722484668e-01   1.2033041469393922e-01
  1.9715739873550159e-01   6.1290940943719167e-02   2.0853998727433579e-01   1.2020135325050582e-01
  1.9764337651899302e-01   6.1196535088436185e-02   2.0914474931147298e-01   1.2008387179072220e-01
  1.9807789808698184e-01   6.1111251145860718e-02   2.0968857808797012e-01   1.1997713353892989e-01
  1.9846624083467065e-01   6.1034312608591719e-02   2.1017704698003323e-01   1.1988035767047960e-01
  1.9881320647093759e-01   6.0964983751511916e-02   2.1061583336762238e-01   1.1979268129559104e-01
