 -7.8383815093495818e-02  -7.7828356540256050e-02  -5.7840609950092936e-02  -2.1454810240275381e-02
 -7.4589158723940008e-02  -7.9086649924969055e-02  -5.7374864064378833e-02  -2.1609105967578156e-02
 -7.1168479173076477e-02  -8.0015908286204571e-02  -5.6929792601180459e-02  -2.1729891054733795e-02
 -6.8097419004059773e-02  -8.0692906037652404e-02  -5.6505278023964010e-02  -2.1823370049183940e-02
 -6.5354302085348343e-02  -8.1176747549357192e-02  -5.6102101728983694e-02  -2.1894399514164754e-02
 -6.2892976005760881e-02  -8.1516868526577579e-02  -5.5717550915593446e-02  -2.1947469714978046e-02
 -6.0722350899510294e-02  -8.1744912929415214e-02  -5.5357606915898791e-02  -2.1985231521376367e-02
 -5.8743607625514331e-02  -8.1895332525206421e-02  -5.5010011659621279e-02  -2.2011609685327262e-02
 -5.6808209231403048e-02  -8.1990427625173834e-02  -5.4649704162092465e-02  -2.2029266396710608e-02
 -5.4862201133975406e-02  -8.2035072663914632e-02  -5.4264591735779175e-02  -2.2038048879336879e-02
 -5.2933944926694759e-02  -8.2029760992652440e-02  -5.3857629271617281e-02  -2.2036871353704850e-02
 -5.1014850502016845e-02  -8.1976348334567017e-02  -5.3424555474880932e-02  -2.2024756846569359e-02
 -4.9107442731557392e-02  -8.1876528152033834e-02  -5.2963239828781608e-02  -2.2000549423122559e-02
 -4.7209768417996179e-02  -8.1731838527065878e-02  -5.2470445819801571e-02  -2.1962906185303790e-02
 -4.5320012289584960e-02  -8.1543658388724405e-02  -5.1942818667169807e-02  -2.1910291590554937e-02
 -4.3435270083878506e-02  -8.1313082447684509e-02  -5.1376569464761823e-02  -2.1840939690397028e-02
 -4.1551942908060933e-02  -8.1040883416996098e-02  -5.0767542559622084e-02  -2.1752834679816823e-02
 -3.9665717686764988e-02  -8.0727458603278540e-02  -5.0111176015998599e-02  -2.1643684178380439e-02
 -3.7771667872352616e-02  -8.0372801670639676e-02  -4.9402493809261490e-02  -2.1510896434525154e-02
 -3.5864337140745287e-02  -7.9976487312742234e-02  -4.8636092522651185e-02  -2.1351558617990221e-02
 -3.3937840980183993e-02  -7.9537674245393791e-02  -4.7806133708198431e-02  -2.1162418727236929e-02
 -3.1985978503905242e-02  -7.9055126949269541e-02  -4.6906340286133469e-02  -2.0939872460560442e-02
 -3.0002357701634268e-02  -7.8527258565729480e-02  -4.5929998955699679e-02  -2.0679957469811494e-02
 -2.7980534699357417e-02  -7.7952197315753063e-02  -4.4869969797551923e-02  -2.0378357926114692e-02
 -2.5914167761398852e-02  -7.7327879176899345e-02  -4.3718704513657142e-02  -2.0030423116115251e-02
 -2.3797185564026060e-02  -7.6652169418516852e-02  -4.2468274598811966e-02  -1.9631204552468706e-02
 -2.1623967422290453e-02  -7.5923014871378661e-02  -4.1110410481210842e-02  -1.9175516803962043e-02
 -1.9389530062754103e-02  -7.5138627046062598e-02  -3.9636552132010644e-02  -1.8658027745709582e-02
 -1.7089710668544755e-02  -7.4297692862285450e-02  -3.8037910732543243e-02  -1.8073383937420095e-02
 -1.4721328337325021e-02  -7.3399604029740495e-02  -3.6305539529009924e-02  -1.7416375941028569e-02
 -1.2282294058477479e-02  -7.2444686898035321e-02  -3.4430409702931666e-02  -1.6682145946246871e-02
 -9.7716204453649966e-03  -7.1434400509295823e-02  -3.2403483551401407e-02  -1.5866435166396790e-02
 -7.1892503254839361e-03  -7.0371448897525724e-02  -3.0215771456209625e-02  -1.4965859607127915e-02
 -4.5355748912931579e-03  -6.9259723526993361e-02  -2.7858350418934644e-02  -1.3978188258087824e-02
 -1.8104098821258297e-03  -6.8103939006039033e-02  -2.5322304796355454e-02  -1.2902573103171895e-02
  9.8890688583826852e-04  -6.6908773938813046e-02  -2.2598528992622113e-02  -1.1739644267596373e-02
  3.8710941625979926e-03  -6.5677133003114840e-02  -1.9677266001140902e-02  -1.0491312962103993e-02
  6.8542310610524917e-03  -6.4408364999484671e-02  -1.6547608399133839e-02  -9.1602527251302916e-03
  9.9656628680537210e-03  -6.3097949087223770e-02  -1.3197682092985811e-02  -7.7494220046004899e-03
  1.3239028002622080e-02  -6.1738518517573157e-02  -9.6154459318823389e-03  -6.2617394007475451e-03
  1.6708244021845575e-02  -6.0322227846317376e-02  -5.7901929230831364e-03  -4.7001069317471819e-03
  2.0399600846865255e-02  -5.8843943062032680e-02  -1.7145098148897624e-03  -3.0679077992098749e-03
  2.4325447449341332e-02  -5.7303829932533260e-02   2.6140357904046755e-03  -1.3698098394254420e-03
  2.8481118256903859e-02  -5.5708752621205976e-02   7.1919532737123610e-03   3.8733863583664124e-04
  3.2845949201826055e-02  -5.4072209695530865e-02   1.2009778320400868e-02   2.1937123443686356e-03
  3.7392722831165785e-02  -5.2410999698587840e-02   1.7053857759023662e-02   4.0365916368907484e-03
  4.2096520242752997e-02  -5.0741671913171423e-02   2.2308121623363899e-02   5.9012383235047955e-03
  4.6936334676564384e-02  -4.9079510498484608e-02   2.7754301828011457e-02   7.7716074834604434e-03
  5.1892763521955952e-02  -4.7438819792209860e-02   3.3371621904212126e-02   9.6310261264140710e-03
  5.6964528267991602e-02  -4.5826885837503828e-02   3.9138535988072855e-02   1.1463898755101253e-02
  6.2160199216973008e-02  -4.4244996473334325e-02   4.5030508769440564e-02   1.3257818285351324e-02
  6.7479039680224728e-02  -4.2694743902045848e-02   5.1022552079505297e-02   1.5004337683776361e-02
  7.2915592787591882e-02  -4.1176501902284432e-02   5.7082612498232439e-02   1.6696779801423669e-02
  7.8808992162323316e-02  -3.9596495181596733e-02   6.3547466207370687e-02   1.8430100664845149e-02
  8.4829905708849462e-02  -3.8039100081741523e-02   7.0016945114506124e-02   2.0103622579228101e-02
  9.0954342452180315e-02  -3.6497485822237954e-02   7.6450807087846365e-02   2.1723193166721919e-02
  9.7134424703104474e-02  -3.4968821336293851e-02   8.2801414269125836e-02   2.3294072617743994e-02
  1.0330890476317116e-01  -3.3453544564016044e-02   8.9022694052702939e-02   2.4820842464386938e-02
  1.0940586321647322e-01  -3.1956843871637441e-02   9.5069927395185938e-02   2.6305330342237653e-02
  1.1534942324140680e-01  -3.0488797713060411e-02   1.0090283148989443e-01   2.7746037109107110e-02
  1.2106517633504980e-01  -2.9064066118786591e-02   1.0648704390334844e-01   2.9137978989643890e-02
  1.2648517128047110e-01  -2.7700696512460377e-02   1.1179534598882716e-01   3.0473258423584490e-02
  1.3155197328565482e-01  -2.6418203993045675e-02   1.1680821829743604e-01   3.1742106261004495e-02
  1.3622581305627413e-01  -2.5234054013263306e-02   1.2151450309720713e-01   3.2934471490554097e-02
  1.4048883623863595e-01  -2.4160339520672036e-02   1.2591108617337499e-01   3.4041801359494764e-02
  1.4434131649285137e-01  -2.3203016415598215e-02   1.3000112387327681e-01   3.5058110209566694e-02
  1.4779653563072234e-01  -2.2362423877710036e-02   1.3379231955689011e-01   3.5980372868395810e-02
  1.5087669173431778e-01  -2.1634270547641887e-02   1.3729554467200289e-01   3.6808457353028318e-02
  1.5360950994277467e-01  -2.1010880847539250e-02   1.4052375741336828e-01   3.7544760048442184e-02
  1.5602559620185502e-01  -2.0482443322433201e-02   1.4349118791714657e-01   3.8193689891610746e-02
  1.5815643198655049e-01  -2.0038110464592231e-02   1.4621273985202132e-01   3.8761109072707634e-02
  1.6003292524417415e-01  -1.9666869101985389e-02   1.4870356152117062e-01   3.9253802292966412e-02
  1.6168442548956447e-01  -1.9358162143233368e-02   1.5097874396034636e-01   3.9679015829591151e-02
  1.6313811079950755e-01  -1.9102282770844657e-02   1.5305311089465226e-01   4.0044084631719198e-02
  1.6441868005376842e-01  -1.8890579595728672e-02   1.5494107429080142e-01   4.0356150179017329e-02
  1.6554820744393464e-01  -1.8715531827617059e-02   1.5665652834647173e-01   4.0621960896863138e-02
  1.6654598451704991e-01  -1.8570753909076351e-02   1.5821275695990106e-01   4.0847739158997795e-02
  1.6742862433431774e-01  -1.8450913633504991e-02   1.5962238796752662e-01   4.1039107998578718e-02
  1.6821042686893731e-01  -1.8351591271000812e-02   1.6089738136137952e-01   4.1201069168348065e-02
  1.6890371829134671e-01  -1.8269141554015739e-02   1.6204902036907126e-01   4.1338015033044788e-02
  1.6951914535833351e-01  -1.8200568343337942e-02   1.6308790650851185e-01   4.1453762319712359e-02
  1.7006592900270320e-01  -1.8143414518474899e-02   1.6402395997934743e-01   4.1551598760029444e-02
  1.7055207967491864e-01  -1.8095667634624016e-02   1.6486642601967433e-01   4.1634336069650169e-02
  1.7098457878253265e-01  -1.8055680413094820e-02   1.6562388725558272e-01   4.1704364653428402e-02
  1.7136953072540118e-01  -1.8022104511002890e-02   1.6630428162803387e-01   4.1763706946077957e-02
  1.7171228975360736e-01  -1.7993835815443407e-02   1.6691492517839551e-01   4.1814067451035532e-02
  1.7201756626056255e-01  -1.7969969471253185e-02   1.6746253882122619e-01   4.1856878390111638e-02
  1.7228951398919531e-01  -1.7949763208240967e-02   1.6795327812281163e-01   4.1893340475567815e-02
  1.7253180861565814e-01  -1.7932607011208732e-02   1.6839276533757236e-01   4.1924458743321312e-02
  1.7274769405466095e-01  -1.7917999796615861e-02   1.6878612211909730e-01   4.1951073586887863e-02
  1.7294009177245459e-01  -1.7905525758130619e-02   1.6913800525148351e-01   4.1973887549675348e-02
  1.7311144431707348e-01  -1.7894851052954006e-02   1.6945263171462174e-01   4.1993487464157486e-02
  1.7326446818577029e-01  -1.7885666763864987e-02   1.6973384758316146e-01   4.2010365810592178e-02
